total test length
65379
-------------------folder , length of x_test, y_test-------------------------
121 1900 1900
number by successful floor
0,0
1,0
2,0
3,0
4,0
5,2
6,1
7,2
8,0
9,2
10,7
11,4
12,10
13,11
14,10
15,16
16,68
17,6
18,1761
each floor by number


[1767, 6, 17]
[100, 5, 5]
[0, 0, 0]


[1761, 0, 29]
[102, 1, 7]
[0, 0, 0]


[1835, 0, 25]
[40, 0, 0]
[0, 0, 0]


[1850, 0, 20]
[30, 0, 0]
[0, 0, 0]


[1873, 0, 7]
[20, 0, 0]
[0, 0, 0]


[1888, 0, 2]
[10, 0, 0]
[0, 0, 0]


[1900, 0, 0]
[0, 0, 0]
[0, 0, 0]


[1897, 0, 3]
[0, 0, 0]
[0, 0, 0]


[1895, 0, 5]
[0, 0, 0]
[0, 0, 0]


[1895, 0, 5]
[0, 0, 0]
[0, 0, 0]


[1886, 14, 0]
[0, 0, 0]
[0, 0, 0]


[1879, 21, 0]
[0, 0, 0]
[0, 0, 0]


[1879, 21, 0]
[0, 0, 0]
[0, 0, 0]


[1882, 18, 0]
[0, 0, 0]
[0, 0, 0]


[1900, 0, 0]
[0, 0, 0]
[0, 0, 0]


[1900, 0, 0]
[0, 0, 0]
[0, 0, 0]


[1900, 0, 0]
[0, 0, 0]
[0, 0, 0]


[1900, 0, 0]
[0, 0, 0]
[0, 0, 0]
each floor by percent


[98.71508379888269, 0.335195530726257, 0.9497206703910616]
[90.9090909090909, 4.545454545454545, 4.545454545454545]
[0, 0, 0]


[98.37988826815644, 0.0, 1.6201117318435756]
[92.72727272727272, 0.9090909090909091, 6.363636363636363]
[0, 0, 0]


[98.65591397849461, 0.0, 1.3440860215053763]
[100.0, 0.0, 0.0]
[0, 0, 0]


[98.93048128342247, 0.0, 1.0695187165775402]
[100.0, 0.0, 0.0]
[0, 0, 0]


[99.62765957446808, 0.0, 0.3723404255319149]
[100.0, 0.0, 0.0]
[0, 0, 0]


[99.8941798941799, 0.0, 0.10582010582010583]
[100.0, 0.0, 0.0]
[0, 0, 0]


[100.0, 0.0, 0.0]
[0, 0, 0]
[0, 0, 0]


[99.84210526315789, 0.0, 0.15789473684210525]
[0, 0, 0]
[0, 0, 0]


[99.73684210526316, 0.0, 0.2631578947368421]
[0, 0, 0]
[0, 0, 0]


[99.73684210526316, 0.0, 0.2631578947368421]
[0, 0, 0]
[0, 0, 0]


[99.26315789473684, 0.7368421052631579, 0.0]
[0, 0, 0]
[0, 0, 0]


[98.89473684210526, 1.105263157894737, 0.0]
[0, 0, 0]
[0, 0, 0]


[98.89473684210526, 1.105263157894737, 0.0]
[0, 0, 0]
[0, 0, 0]


[99.05263157894737, 0.9473684210526315, 0.0]
[0, 0, 0]
[0, 0, 0]


[100.0, 0.0, 0.0]
[0, 0, 0]
[0, 0, 0]


[100.0, 0.0, 0.0]
[0, 0, 0]
[0, 0, 0]


[100.0, 0.0, 0.0]
[0, 0, 0]
[0, 0, 0]


[100.0, 0.0, 0.0]
[0, 0, 0]
[0, 0, 0]
total by number and percent
[33687, 80, 113]
[302, 6, 12]
[0, 0, 0]
[99.43034238488784, 0.2361275088547816, 0.333530106257379]
[94.375, 1.875, 3.75]
[nan, nan, nan]
total accuracy
0.9851754385964913
-------------------folder , length of x_test, y_test-------------------------
122 6142 6142
number by successful floor
0,0
1,0
2,0
3,0
4,0
5,0
6,19
7,99
8,116
9,19
10,34
11,45
12,164
13,114
14,269
15,462
16,1610
17,867
18,2324
each floor by number


[1545, 4, 0]
[325, 50, 16]
[165, 79, 3958]


[1548, 0, 1]
[220, 7, 13]
[288, 1, 4064]


[1698, 0, 4]
[141, 0, 17]
[244, 0, 4038]


[1705, 0, 4]
[255, 5, 42]
[144, 0, 3987]


[1776, 2, 0]
[315, 74, 100]
[59, 52, 3764]


[1781, 3, 0]
[407, 386, 126]
[6, 575, 2858]


[1849, 4, 0]
[345, 1307, 140]
[0, 41, 2456]


[1858, 5, 0]
[340, 1344, 133]
[0, 57, 2405]


[1859, 8, 0]
[308, 1192, 127]
[0, 219, 2429]


[1860, 7, 0]
[314, 1064, 141]
[0, 361, 2395]


[1996, 19, 0]
[220, 1453, 83]
[0, 519, 1852]


[2222, 79, 0]
[120, 2410, 495]
[0, 679, 137]


[2494, 430, 0]
[125, 3093, 0]
[0, 0, 0]


[2946, 234, 0]
[312, 2650, 0]
[0, 0, 0]


[3515, 157, 0]
[191, 2279, 0]
[0, 0, 0]


[4350, 641, 0]
[876, 275, 0]
[0, 0, 0]


[6142, 0, 0]
[0, 0, 0]
[0, 0, 0]


[6142, 0, 0]
[0, 0, 0]
[0, 0, 0]
each floor by percent


[99.74176888315041, 0.2582311168495804, 0.0]
[83.12020460358056, 12.78772378516624, 4.092071611253197]
[3.926701570680628, 1.8800571156592099, 94.19324131366015]


[99.9354422207876, 0.0, 0.0645577792123951]
[91.66666666666667, 2.916666666666667, 5.416666666666667]
[6.6161268090971745, 0.02297266253158741, 93.36090052837123]


[99.76498237367802, 0.0, 0.23501762632197415]
[89.24050632911393, 0.0, 10.759493670886075]
[5.6982718355908455, 0.0, 94.30172816440916]


[99.76594499707431, 0.0, 0.23405500292568754]
[84.43708609271523, 1.6556291390728477, 13.90728476821192]
[3.4858387799564268, 0.0, 96.51416122004356]


[99.8875140607424, 0.11248593925759279, 0.0]
[64.41717791411044, 15.132924335378323, 20.449897750511248]
[1.5225806451612902, 1.3419354838709678, 97.13548387096775]


[99.83183856502242, 0.1681614349775785, 0.0]
[44.28726877040261, 42.00217627856366, 13.710554951033734]
[0.17446932247746438, 16.719976737423668, 83.10555394009886]


[99.78413383702105, 0.21586616297895303, 0.0]
[19.252232142857142, 72.93526785714285, 7.812499999999999]
[0.0, 1.641970364437325, 98.35802963556267]


[99.73161567364467, 0.2683843263553409, 0.0]
[18.712162905888825, 73.96807925151347, 7.319757842597688]
[0.0, 2.3151909017059302, 97.68480909829407]


[99.57150508837707, 0.4284949116229244, 0.0]
[18.930547019053474, 73.26367547633681, 7.805777504609711]
[0.0, 8.270392749244714, 91.72960725075528]


[99.62506695232993, 0.37493304767005886, 0.0]
[20.6714944042133, 70.04608294930875, 9.282422646477947]
[0.0, 13.098693759071118, 86.90130624092889]


[99.05707196029778, 0.9429280397022333, 0.0]
[12.528473804100228, 82.74487471526197, 4.7266514806378135]
[0.0, 21.88949810206664, 78.11050189793336]


[96.56671012603215, 3.4332898739678397, 0.0]
[3.9669421487603307, 79.6694214876033, 16.363636363636363]
[0.0, 83.21078431372548, 16.78921568627451]


[85.29411764705883, 14.705882352941178, 0.0]
[3.884400248601616, 96.11559975139839, 0.0]
[0, 0, 0]


[92.64150943396226, 7.3584905660377355, 0.0]
[10.533423362592842, 89.46657663740716, 0.0]
[0, 0, 0]


[95.7244008714597, 4.275599128540305, 0.0]
[7.732793522267206, 92.2672064777328, 0.0]
[0, 0, 0]


[87.15688238829894, 12.843117611701063, 0.0]
[76.10773240660295, 23.892267593397047, 0.0]
[0, 0, 0]


[100.0, 0.0, 0.0]
[0, 0, 0]
[0, 0, 0]


[100.0, 0.0, 0.0]
[0, 0, 0]
[0, 0, 0]
total by number and percent
[47286, 1593, 9]
[4814, 17589, 1433]
[906, 2583, 34343]
[96.72312223858616, 3.2584683357879234, 0.018409425625920472]
[20.196341668065113, 73.79174358113778, 6.011914750797113]
[2.394798054556989, 6.8275533939522095, 90.7776485514908]
total accuracy
0.8974456384094939
-------------------folder , length of x_test, y_test-------------------------
123 2500 2500
number by successful floor
0,0
1,0
2,0
3,0
4,13
5,16
6,33
7,18
8,14
9,7
10,24
11,60
12,42
13,45
14,31
15,213
16,278
17,186
18,1520
each floor by number


[1318, 0, 0]
[164, 83, 64]
[0, 8, 863]


[1316, 0, 0]
[176, 10, 54]
[3, 1, 940]


[1415, 0, 0]
[97, 2, 52]
[3, 0, 931]


[1430, 0, 1]
[89, 15, 72]
[4, 0, 889]


[1438, 0, 0]
[104, 45, 81]
[0, 0, 832]


[1446, 0, 0]
[104, 57, 85]
[0, 7, 801]


[1451, 2, 0]
[99, 79, 92]
[0, 34, 743]


[1472, 5, 0]
[84, 72, 80]
[0, 41, 746]


[1458, 6, 3]
[91, 65, 54]
[0, 45, 778]


[1458, 5, 0]
[84, 44, 64]
[5, 55, 785]


[1459, 3, 0]
[104, 103, 61]
[0, 70, 700]


[1473, 8, 0]
[101, 502, 136]
[0, 258, 22]


[1502, 6, 0]
[90, 663, 0]
[0, 239, 0]


[1520, 2, 0]
[87, 891, 0]
[0, 0, 0]


[1567, 0, 0]
[103, 830, 0]
[0, 0, 0]


[1882, 104, 0]
[391, 123, 0]
[0, 0, 0]


[2500, 0, 0]
[0, 0, 0]
[0, 0, 0]


[2500, 0, 0]
[0, 0, 0]
[0, 0, 0]
each floor by percent


[100.0, 0.0, 0.0]
[52.733118971061096, 26.688102893890676, 20.578778135048232]
[0.0, 0.9184845005740527, 99.08151549942593]


[100.0, 0.0, 0.0]
[73.33333333333334, 4.166666666666667, 22.5]
[0.31779661016949157, 0.10593220338983052, 99.57627118644068]


[100.0, 0.0, 0.0]
[64.23841059602648, 1.3245033112582782, 34.437086092715234]
[0.32119914346895073, 0.0, 99.67880085653105]


[99.93011879804332, 0.0, 0.06988120195667365]
[50.56818181818182, 8.522727272727273, 40.90909090909091]
[0.4479283314669653, 0.0, 99.55207166853303]


[100.0, 0.0, 0.0]
[45.21739130434783, 19.565217391304348, 35.21739130434783]
[0.0, 0.0, 100.0]


[100.0, 0.0, 0.0]
[42.27642276422764, 23.170731707317074, 34.552845528455286]
[0.0, 0.8663366336633663, 99.13366336633663]


[99.8623537508603, 0.13764624913971094, 0.0]
[36.666666666666664, 29.259259259259256, 34.07407407407407]
[0.0, 4.375804375804376, 95.62419562419564]


[99.66147596479351, 0.33852403520649965, 0.0]
[35.59322033898305, 30.508474576271187, 33.898305084745765]
[0.0, 5.209656925031766, 94.79034307496823]


[99.38650306748467, 0.40899795501022496, 0.20449897750511248]
[43.33333333333333, 30.952380952380953, 25.71428571428571]
[0.0, 5.467800729040097, 94.5321992709599]


[99.65823650034176, 0.3417634996582365, 0.0]
[43.75, 22.916666666666668, 33.333333333333336]
[0.591715976331361, 6.508875739644971, 92.89940828402368]


[99.79480164158687, 0.2051983584131327, 0.0]
[38.80597014925373, 38.43283582089552, 22.761194029850746]
[0.0, 9.09090909090909, 90.9090909090909]


[99.45982444294395, 0.5401755570560431, 0.0]
[13.667117726657645, 67.9296346414073, 18.40324763193505]
[0.0, 92.14285714285715, 7.857142857142858]


[99.60212201591511, 0.3978779840848806, 0.0]
[11.952191235059761, 88.04780876494024, 0.0]
[0.0, 100.0, 0.0]


[99.86859395532194, 0.1314060446780552, 0.0]
[8.895705521472394, 91.1042944785276, 0.0]
[0, 0, 0]


[100.0, 0.0, 0.0]
[11.039657020364416, 88.96034297963558, 0.0]
[0, 0, 0]


[94.7633434038268, 5.236656596173213, 0.0]
[76.07003891050584, 23.929961089494164, 0.0]
[0, 0, 0]


[100.0, 0.0, 0.0]
[0, 0, 0]
[0, 0, 0]


[100.0, 0.0, 0.0]
[0, 0, 0]
[0, 0, 0]
total by number and percent
[28605, 141, 4]
[1968, 3584, 895]
[15, 758, 9030]
[99.49565217391304, 0.49043478260869566, 0.01391304347826087]
[30.525825965565378, 55.591748099891426, 13.882425934543198]
[0.1530143833520351, 7.73232683872284, 92.11465877792513]
total accuracy
0.9159777777777778
-------------------folder , length of x_test, y_test-------------------------
124 2592 2592
number by successful floor
0,0
1,0
2,0
3,0
4,0
5,0
6,7
7,14
8,15
9,27
10,26
11,47
12,51
13,72
14,132
15,197
16,435
17,139
18,1430
each floor by number


[1349, 6, 0]
[182, 64, 22]
[10, 78, 881]


[1349, 2, 4]
[163, 14, 18]
[45, 32, 965]


[1425, 0, 1]
[145, 4, 33]
[28, 12, 944]


[1475, 1, 3]
[130, 49, 163]
[2, 2, 767]


[1524, 8, 1]
[110, 66, 256]
[1, 11, 615]


[1545, 4, 0]
[116, 134, 201]
[6, 15, 571]


[1578, 10, 0]
[92, 194, 127]
[0, 14, 577]


[1621, 26, 0]
[52, 212, 136]
[0, 12, 533]


[1587, 13, 0]
[66, 224, 155]
[0, 14, 533]


[1582, 10, 0]
[72, 213, 136]
[0, 24, 555]


[1603, 13, 0]
[81, 372, 123]
[0, 15, 385]


[1629, 11, 0]
[90, 592, 260]
[0, 3, 7]


[1701, 15, 0]
[56, 820, 0]
[0, 0, 0]


[1769, 53, 0]
[29, 741, 0]
[0, 0, 0]


[1888, 117, 0]
[49, 538, 0]
[0, 0, 0]


[2269, 263, 0]
[14, 46, 0]
[0, 0, 0]


[2592, 0, 0]
[0, 0, 0]
[0, 0, 0]


[2592, 0, 0]
[0, 0, 0]
[0, 0, 0]
each floor by percent


[99.55719557195572, 0.44280442804428044, 0.0]
[67.91044776119402, 23.88059701492537, 8.208955223880597]
[1.0319917440660475, 8.04953560371517, 90.91847265221878]


[99.55719557195572, 0.14760147601476015, 0.2952029520295203]
[83.58974358974359, 7.17948717948718, 9.230769230769232]
[4.318618042226488, 3.071017274472169, 92.61036468330134]


[99.92987377279103, 0.0, 0.07012622720897616]
[79.67032967032966, 2.1978021978021975, 18.13186813186813]
[2.845528455284553, 1.2195121951219512, 95.9349593495935]


[99.72954699121028, 0.0676132521974307, 0.20283975659229211]
[38.01169590643275, 14.32748538011696, 47.66081871345029]
[0.2594033722438392, 0.2594033722438392, 99.48119325551232]


[99.41291585127202, 0.5218525766470972, 0.06523157208088715]
[25.462962962962962, 15.277777777777777, 59.25925925925925]
[0.1594896331738437, 1.7543859649122808, 98.08612440191388]


[99.74176888315041, 0.2582311168495804, 0.0]
[25.720620842572064, 29.711751662971178, 44.567627494456765]
[1.0135135135135136, 2.5337837837837838, 96.45270270270271]


[99.37027707808564, 0.6297229219143576, 0.0]
[22.276029055690074, 46.973365617433416, 30.750605326876514]
[0.0, 2.3688663282571913, 97.6311336717428]


[98.42137219186401, 1.578627808136005, 0.0]
[13.0, 53.0, 34.0]
[0.0, 2.2018348623853212, 97.79816513761467]


[99.1875, 0.8125, 0.0]
[14.831460674157302, 50.33707865168539, 34.8314606741573]
[0.0, 2.5594149908592323, 97.44058500914078]


[99.37185929648241, 0.628140703517588, 0.0]
[17.102137767220903, 50.5938242280285, 32.304038004750595]
[0.0, 4.1450777202072535, 95.85492227979275]


[99.19554455445544, 0.8044554455445545, 0.0]
[14.0625, 64.58333333333334, 21.354166666666668]
[0.0, 3.75, 96.25]


[99.32926829268294, 0.6707317073170732, 0.0]
[9.554140127388536, 62.84501061571125, 27.60084925690021]
[0.0, 30.0, 70.0]


[99.12587412587412, 0.8741258741258742, 0.0]
[6.392694063926941, 93.60730593607306, 0.0]
[0, 0, 0]


[97.09110867178924, 2.908891328210758, 0.0]
[3.766233766233766, 96.23376623376623, 0.0]
[0, 0, 0]


[94.1645885286783, 5.835411471321695, 0.0]
[8.347529812606474, 91.65247018739352, 0.0]
[0, 0, 0]


[89.6129541864139, 10.387045813586099, 0.0]
[23.333333333333336, 76.66666666666667, 0.0]
[0, 0, 0]


[100.0, 0.0, 0.0]
[0, 0, 0]
[0, 0, 0]


[100.0, 0.0, 0.0]
[0, 0, 0]
[0, 0, 0]
total by number and percent
[31078, 552, 9]
[1447, 4283, 1630]
[92, 232, 7333]
[98.22687189860615, 1.7446821960238945, 0.028445905369954803]
[19.660326086956523, 58.192934782608695, 22.14673913043478]
[1.2015149536371947, 3.0299072743894477, 95.76857777197336]
total accuracy
0.9150805898491083
-------------------folder , length of x_test, y_test-------------------------
125 3663 3663
number by successful floor
0,0
1,0
2,0
3,0
4,7
5,22
6,32
7,44
8,29
9,17
10,23
11,51
12,68
13,64
14,83
15,115
16,399
17,629
18,2080
each floor by number


[1307, 0, 0]
[240, 138, 24]
[9, 34, 1911]


[1307, 0, 0]
[214, 15, 35]
[57, 37, 1998]


[1413, 0, 0]
[138, 11, 36]
[68, 8, 1989]


[1431, 0, 0]
[165, 43, 55]
[30, 23, 1916]


[1456, 0, 0]
[180, 87, 68]
[12, 18, 1842]


[1463, 0, 0]
[212, 137, 45]
[0, 71, 1735]


[1479, 0, 0]
[212, 179, 38]
[0, 57, 1698]


[1518, 2, 0]
[189, 181, 37]
[0, 47, 1689]


[1511, 2, 0]
[177, 158, 20]
[5, 78, 1712]


[1511, 2, 0]
[172, 114, 17]
[13, 119, 1715]


[1539, 6, 0]
[171, 191, 1]
[0, 197, 1558]


[1579, 12, 0]
[167, 515, 13]
[0, 150, 1227]


[1662, 10, 0]
[161, 641, 13]
[0, 405, 771]


[1717, 14, 0]
[164, 1660, 0]
[0, 108, 0]


[1914, 23, 0]
[78, 1648, 0]
[0, 0, 0]


[2242, 17, 0]
[149, 1255, 0]
[0, 0, 0]


[3420, 0, 0]
[243, 0, 0]
[0, 0, 0]


[3663, 0, 0]
[0, 0, 0]
[0, 0, 0]
each floor by percent


[100.0, 0.0, 0.0]
[59.70149253731344, 34.32835820895523, 5.970149253731344]
[0.46059365404298874, 1.7400204708290687, 97.79938587512795]


[100.0, 0.0, 0.0]
[81.06060606060606, 5.681818181818182, 13.257575757575758]
[2.724665391969407, 1.7686424474187379, 95.50669216061185]


[100.0, 0.0, 0.0]
[74.5945945945946, 5.945945945945946, 19.45945945945946]
[3.2929782082324457, 0.38740920096852305, 96.31961259079904]


[100.0, 0.0, 0.0]
[62.737642585551335, 16.34980988593156, 20.912547528517113]
[1.5236160487557135, 1.1681056373793803, 97.3082783138649]


[100.0, 0.0, 0.0]
[53.731343283582085, 25.970149253731343, 20.298507462686565]
[0.6410256410256411, 0.9615384615384616, 98.3974358974359]


[100.0, 0.0, 0.0]
[53.807106598984774, 34.77157360406091, 11.421319796954315]
[0.0, 3.931339977851606, 96.0686600221484]


[100.0, 0.0, 0.0]
[49.417249417249415, 41.72494172494172, 8.857808857808857]
[0.0, 3.247863247863248, 96.75213675213675]


[99.86842105263159, 0.13157894736842105, 0.0]
[46.437346437346434, 44.47174447174447, 9.09090909090909]
[0.0, 2.707373271889401, 97.2926267281106]


[99.86781229345671, 0.13218770654329146, 0.0]
[49.859154929577464, 44.50704225352113, 5.633802816901409]
[0.2785515320334262, 4.345403899721449, 95.37604456824513]


[99.86781229345671, 0.13218770654329146, 0.0]
[56.76567656765677, 37.62376237623763, 5.6105610561056105]
[0.7038440714672443, 6.442880346507851, 92.8532755820249]


[99.6116504854369, 0.3883495145631068, 0.0]
[47.107438016528924, 52.617079889807165, 0.27548209366391185]
[0.0, 11.225071225071225, 88.77492877492877]


[99.24575738529226, 0.754242614707731, 0.0]
[24.028776978417266, 74.10071942446044, 1.870503597122302]
[0.0, 10.893246187363834, 89.10675381263617]


[99.4019138755981, 0.5980861244019139, 0.0]
[19.754601226993863, 78.65030674846625, 1.5950920245398772]
[0.0, 34.43877551020408, 65.56122448979592]


[99.19121894858463, 0.8087810514153669, 0.0]
[8.99122807017544, 91.00877192982458, 0.0]
[0.0, 100.0, 0.0]


[98.81259679917397, 1.1874032008260196, 0.0]
[4.5191193511008105, 95.48088064889917, 0.0]
[0, 0, 0]


[99.24745462594068, 0.7525453740593183, 0.0]
[10.612535612535613, 89.38746438746439, 0.0]
[0, 0, 0]


[99.99999999999999, 0.0, 0.0]
[100.0, 0.0, 0.0]
[0, 0, 0]


[100.0, 0.0, 0.0]
[0, 0, 0]
[0, 0, 0]
total by number and percent
[32132, 88, 0]
[3032, 6973, 402]
[194, 1352, 21761]
[99.72687771570453, 0.27312228429546864, 0.0]
[29.134236571538388, 67.00297876429326, 3.8627846641683483]
[0.8323679581241687, 5.800832367958124, 93.36679967391771]
total accuracy
0.9231352564685898
-------------------folder , length of x_test, y_test-------------------------
126 3430 3430
number by successful floor
0,0
1,0
2,0
3,0
4,1
5,1
6,1
7,1
8,17
9,16
10,26
11,45
12,47
13,60
14,94
15,139
16,591
17,603
18,1788
each floor by number


[1400, 0, 0]
[154, 62, 48]
[2, 41, 1723]


[1400, 0, 0]
[137, 8, 9]
[23, 8, 1845]


[1468, 0, 0]
[104, 1, 25]
[8, 2, 1822]


[1487, 0, 0]
[98, 20, 94]
[0, 4, 1727]


[1530, 6, 0]
[69, 82, 184]
[0, 4, 1555]


[1554, 17, 10]
[62, 168, 243]
[0, 4, 1372]


[1564, 15, 3]
[57, 340, 208]
[0, 2, 1241]


[1593, 14, 0]
[41, 384, 184]
[0, 0, 1214]


[1574, 19, 0]
[50, 381, 152]
[0, 0, 1254]


[1572, 18, 0]
[53, 371, 64]
[0, 19, 1333]


[1618, 27, 0]
[41, 396, 28]
[0, 16, 1304]


[1651, 48, 0]
[43, 388, 4]
[0, 27, 1269]


[1701, 85, 0]
[56, 409, 27]
[0, 131, 1021]


[1803, 45, 0]
[73, 1020, 0]
[0, 402, 87]


[1979, 2, 0]
[84, 1365, 0]
[0, 0, 0]


[2145, 27, 0]
[8, 1250, 0]
[0, 0, 0]


[2662, 0, 0]
[618, 150, 0]
[0, 0, 0]


[3430, 0, 0]
[0, 0, 0]
[0, 0, 0]
each floor by percent


[100.0, 0.0, 0.0]
[58.33333333333333, 23.484848484848484, 18.18181818181818]
[0.11325028312570781, 2.32163080407701, 97.56511891279727]


[100.0, 0.0, 0.0]
[88.96103896103897, 5.194805194805195, 5.844155844155844]
[1.2260127931769722, 0.42643923240938164, 98.34754797441364]


[100.0, 0.0, 0.0]
[80.0, 0.7692307692307692, 19.23076923076923]
[0.4366812227074236, 0.1091703056768559, 99.45414847161572]


[100.0, 0.0, 0.0]
[46.22641509433962, 9.433962264150942, 44.33962264150943]
[0.0, 0.23108030040439054, 99.76891969959561]


[99.609375, 0.390625, 0.0]
[20.597014925373134, 24.477611940298505, 54.92537313432835]
[0.0, 0.25657472738935216, 99.74342527261065]


[98.29222011385198, 1.075268817204301, 0.6325110689437065]
[13.10782241014799, 35.51797040169133, 51.374207188160675]
[0.0, 0.29069767441860467, 99.70930232558139]


[98.8621997471555, 0.9481668773704172, 0.18963337547408343]
[9.421487603305785, 56.19834710743802, 34.3801652892562]
[0.0, 0.16090104585679807, 99.83909895414321]


[99.12881144990666, 0.8711885500933416, 0.0]
[6.732348111658457, 63.05418719211823, 30.21346469622332]
[0.0, 0.0, 100.0]


[98.80728185812931, 1.1927181418706843, 0.0]
[8.576329331046312, 65.3516295025729, 26.07204116638079]
[0.0, 0.0, 100.0]


[98.86792452830188, 1.1320754716981132, 0.0]
[10.860655737704919, 76.02459016393443, 13.114754098360656]
[0.0, 1.4053254437869822, 98.59467455621302]


[98.35866261398176, 1.6413373860182372, 0.0]
[8.817204301075268, 85.16129032258064, 6.021505376344086]
[0.0, 1.2121212121212122, 98.7878787878788]


[97.17480871100648, 2.825191288993526, 0.0]
[9.88505747126437, 89.19540229885058, 0.9195402298850576]
[0.0, 2.083333333333333, 97.91666666666666]


[95.24076147816349, 4.759238521836506, 0.0]
[11.382113821138212, 83.130081300813, 5.487804878048781]
[0.0, 11.371527777777779, 88.62847222222223]


[97.56493506493506, 2.435064935064935, 0.0]
[6.678865507776761, 93.32113449222324, 0.0]
[0.0, 82.20858895705523, 17.791411042944787]


[99.89904088844018, 0.10095911155981828, 0.0]
[5.797101449275362, 94.20289855072464, 0.0]
[0, 0, 0]


[98.75690607734808, 1.2430939226519337, 0.0]
[0.6359300476947536, 99.36406995230524, 0.0]
[0, 0, 0]


[100.0, 0.0, 0.0]
[80.46875, 19.53125, 0.0]
[0, 0, 0]


[100.00000000000001, 0.0, 0.0]
[0, 0, 0]
[0, 0, 0]
total by number and percent
[32131, 323, 13]
[1748, 6795, 1270]
[33, 660, 18767]
[98.96510302768965, 0.9948563156435766, 0.040040656666769335]
[17.81310506471008, 69.24487924182208, 12.942015693467848]
[0.1695786228160329, 3.3915724563206577, 96.43884892086331]
total accuracy
0.9344509232264334
-------------------folder , length of x_test, y_test-------------------------
127 4150 4150
number by successful floor
0,0
1,0
2,0
3,0
4,3
5,6
6,24
7,38
8,31
9,18
10,26
11,30
12,40
13,37
14,127
15,202
16,372
17,732
18,2464
each floor by number


[1555, 1, 0]
[211, 82, 17]
[15, 76, 2193]


[1556, 0, 0]
[197, 21, 30]
[48, 23, 2275]


[1685, 2, 0]
[93, 4, 36]
[57, 16, 2257]


[1702, 1, 0]
[117, 23, 32]
[20, 40, 2215]


[1736, 0, 0]
[103, 54, 73]
[25, 67, 2092]


[1750, 2, 0]
[118, 158, 50]
[20, 80, 1972]


[1751, 1, 0]
[138, 239, 72]
[4, 88, 1857]


[1785, 6, 0]
[129, 292, 149]
[8, 57, 1724]


[1748, 2, 0]
[160, 300, 151]
[6, 57, 1726]


[1748, 2, 0]
[163, 337, 146]
[4, 41, 1709]


[1808, 7, 0]
[143, 528, 194]
[0, 46, 1424]


[1858, 43, 0]
[144, 951, 134]
[0, 132, 888]


[1966, 79, 0]
[100, 1310, 113]
[0, 48, 534]


[2078, 88, 0]
[74, 1910, 0]
[0, 0, 0]


[2371, 77, 0]
[43, 1659, 0]
[0, 0, 0]


[2842, 251, 0]
[61, 996, 0]
[0, 0, 0]


[4150, 0, 0]
[0, 0, 0]
[0, 0, 0]


[4150, 0, 0]
[0, 0, 0]
[0, 0, 0]
each floor by percent


[99.9357326478149, 0.06426735218508997, 0.0]
[68.06451612903226, 26.451612903225804, 5.483870967741935]
[0.6567425569176882, 3.327495621716287, 96.01576182136603]


[100.0, 0.0, 0.0]
[79.43548387096774, 8.467741935483872, 12.096774193548388]
[2.0460358056265986, 0.9803921568627451, 96.97357203751065]


[99.8814463544754, 0.11855364552459988, 0.0]
[69.92481203007519, 3.007518796992481, 27.06766917293233]
[2.4463519313304722, 0.6866952789699571, 96.86695278969957]


[99.94128009395185, 0.05871990604815032, 0.0]
[68.02325581395348, 13.372093023255815, 18.6046511627907]
[0.8791208791208791, 1.7582417582417582, 97.36263736263736]


[100.0, 0.0, 0.0]
[44.78260869565218, 23.47826086956522, 31.739130434782613]
[1.1446886446886446, 3.067765567765568, 95.78754578754578]


[99.88584474885845, 0.11415525114155252, 0.0]
[36.19631901840491, 48.46625766871166, 15.337423312883436]
[0.9652509652509653, 3.8610038610038613, 95.17374517374517]


[99.94292237442923, 0.05707762557077626, 0.0]
[30.734966592427615, 53.229398663697104, 16.035634743875278]
[0.20523345305284763, 4.515135967162648, 95.27963057978451]


[99.66499162479062, 0.3350083752093802, 0.0]
[22.63157894736842, 51.228070175438596, 26.140350877192983]
[0.44717719396310784, 3.1861375069871434, 96.36668529904975]


[99.88571428571429, 0.11428571428571428, 0.0]
[26.18657937806874, 49.09983633387888, 24.71358428805237]
[0.3353828954723309, 3.1861375069871434, 96.47847959754053]


[99.88571428571429, 0.11428571428571428, 0.0]
[25.232198142414862, 52.1671826625387, 22.60061919504644]
[0.22805017103762829, 2.33751425313569, 97.43443557582668]


[99.61432506887053, 0.3856749311294766, 0.0]
[16.53179190751445, 61.04046242774566, 22.427745664739884]
[0.0, 3.1292517006802725, 96.87074829931973]


[97.73803261441346, 2.261967385586533, 0.0]
[11.716842961757527, 77.37998372660701, 10.903173311635477]
[0.0, 12.941176470588236, 87.05882352941177]


[96.13691931540343, 3.8630806845965773, 0.0]
[6.5659881812212735, 86.01444517399868, 7.419566644780039]
[0.0, 8.24742268041237, 91.75257731958763]


[95.93721144967682, 4.062788550323177, 0.0]
[3.7298387096774195, 96.27016129032258, 0.0]
[0, 0, 0]


[96.85457516339869, 3.145424836601307, 0.0]
[2.526439482961222, 97.47356051703878, 0.0]
[0, 0, 0]


[91.88490139023602, 8.115098609763983, 0.0]
[5.7710501419110685, 94.22894985808892, 0.0]
[0, 0, 0]


[100.0, 0.0, 0.0]
[0, 0, 0]
[0, 0, 0]


[100.0, 0.0, 0.0]
[0, 0, 0]
[0, 0, 0]
total by number and percent
[38239, 562, 0]
[1994, 8864, 1197]
[207, 771, 22866]
[98.55158372206903, 1.4484162779309813, 0.0]
[16.540854417254252, 73.52965574450435, 9.929489838241393]
[0.8681429290387519, 3.233517866129844, 95.8983392048314]
total accuracy
0.9366666666666666
-------------------folder , length of x_test, y_test-------------------------
128 2581 2581
number by successful floor
0,0
1,0
2,0
3,5
4,1
5,6
6,10
7,11
8,17
9,9
10,10
11,12
12,24
13,55
14,55
15,139
16,482
17,403
18,1342
each floor by number


[1169, 0, 0]
[106, 39, 47]
[3, 20, 1197]


[1169, 0, 0]
[89, 2, 16]
[21, 9, 1275]


[1216, 0, 0]
[69, 2, 14]
[11, 1, 1268]


[1237, 0, 0]
[63, 19, 37]
[2, 2, 1221]


[1251, 1, 0]
[57, 31, 67]
[1, 5, 1168]


[1255, 2, 0]
[65, 46, 95]
[0, 9, 1109]


[1259, 4, 0]
[65, 64, 117]
[0, 14, 1058]


[1268, 3, 0]
[57, 86, 65]
[0, 14, 1088]


[1262, 2, 0]
[58, 89, 66]
[0, 13, 1091]


[1260, 2, 0]
[60, 88, 49]
[0, 18, 1104]


[1277, 1, 0]
[55, 143, 92]
[0, 19, 994]


[1300, 2, 0]
[46, 300, 70]
[0, 82, 781]


[1324, 16, 0]
[46, 355, 0]
[0, 250, 590]


[1338, 38, 0]
[47, 718, 2]
[0, 381, 57]


[1403, 96, 0]
[43, 1039, 0]
[0, 0, 0]


[1575, 114, 0]
[80, 812, 0]
[0, 0, 0]


[2081, 0, 0]
[347, 153, 0]
[0, 0, 0]


[2581, 0, 0]
[0, 0, 0]
[0, 0, 0]
each floor by percent


[100.0, 0.0, 0.0]
[55.208333333333336, 20.3125, 24.479166666666668]
[0.24590163934426232, 1.639344262295082, 98.11475409836066]


[100.0, 0.0, 0.0]
[83.17757009345794, 1.8691588785046729, 14.953271028037383]
[1.6091954022988504, 0.689655172413793, 97.70114942528735]


[100.0, 0.0, 0.0]
[81.17647058823529, 2.3529411764705883, 16.47058823529412]
[0.859375, 0.078125, 99.0625]


[100.0, 0.0, 0.0]
[52.94117647058824, 15.966386554621849, 31.092436974789916]
[0.16326530612244897, 0.16326530612244897, 99.6734693877551]


[99.92012779552716, 0.07987220447284345, 0.0]
[36.774193548387096, 20.0, 43.225806451612904]
[0.08517887563884156, 0.42589437819420783, 99.48892674616695]


[99.84089101034208, 0.15910898965791567, 0.0]
[31.553398058252426, 22.33009708737864, 46.116504854368934]
[0.0, 0.8050089445438283, 99.19499105545617]


[99.68329374505146, 0.3167062549485352, 0.0]
[26.422764227642276, 26.016260162601625, 47.5609756097561]
[0.0, 1.3059701492537312, 98.69402985074626]


[99.76396538158929, 0.23603461841070023, 0.0]
[27.403846153846153, 41.34615384615385, 31.25]
[0.0, 1.2704174228675136, 98.72958257713249]


[99.84177215189872, 0.1582278481012658, 0.0]
[27.230046948356808, 41.78403755868545, 30.985915492957748]
[0.0, 1.177536231884058, 98.82246376811595]


[99.84152139461173, 0.1584786053882726, 0.0]
[30.456852791878173, 44.67005076142132, 24.873096446700508]
[0.0, 1.6042780748663101, 98.39572192513369]


[99.92175273865415, 0.0782472613458529, 0.0]
[18.96551724137931, 49.310344827586206, 31.724137931034484]
[0.0, 1.8756169792694963, 98.12438302073049]


[99.84639016897081, 0.15360983102918588, 0.0]
[11.057692307692307, 72.11538461538461, 16.826923076923077]
[0.0, 9.501738122827346, 90.49826187717265]


[98.80597014925372, 1.1940298507462686, 0.0]
[11.471321695760599, 88.5286783042394, 0.0]
[0.0, 29.76190476190476, 70.23809523809524]


[97.23837209302326, 2.761627906976744, 0.0]
[6.127770534550196, 93.61147327249022, 0.2607561929595828]
[0.0, 86.98630136986301, 13.013698630136986]


[93.59573048699133, 6.404269513008672, 0.0]
[3.9741219963031424, 96.02587800369686, 0.0]
[0, 0, 0]


[93.25044404973357, 6.74955595026643, 0.0]
[8.968609865470851, 91.03139013452915, 0.0]
[0, 0, 0]


[100.0, 0.0, 0.0]
[69.4, 30.6, 0.0]
[0, 0, 0]


[100.0, 0.0, 0.0]
[0, 0, 0]
[0, 0, 0]
total by number and percent
[25225, 281, 0]
[1353, 3986, 737]
[38, 837, 14001]
[98.89829843958285, 1.1017015604171567, 0.0]
[22.267939433838052, 65.60236998025016, 12.129690585911785]
[0.2554450121000269, 5.626512503361119, 94.11804248453886]
total accuracy
0.9301304403977786
-------------------folder , length of x_test, y_test-------------------------
129 3000 3000
number by successful floor
0,0
1,0
2,0
3,0
4,6
5,17
6,13
7,4
8,7
9,2
10,46
11,101
12,91
13,92
14,134
15,219
16,190
17,290
18,1788
each floor by number


[1613, 0, 0]
[167, 77, 171]
[9, 14, 949]


[1611, 0, 0]
[170, 20, 130]
[18, 6, 1045]


[1741, 0, 0]
[45, 11, 61]
[30, 1, 1111]


[1742, 0, 0]
[50, 30, 63]
[27, 2, 1086]


[1767, 0, 0]
[52, 60, 72]
[9, 4, 1036]


[1756, 0, 0]
[77, 88, 146]
[0, 0, 933]


[1779, 0, 0]
[55, 112, 327]
[0, 0, 727]


[1781, 9, 0]
[60, 98, 325]
[0, 0, 727]


[1691, 11, 0]
[137, 98, 161]
[0, 0, 902]


[1693, 9, 0]
[139, 36, 1]
[0, 40, 1082]


[1693, 9, 0]
[151, 79, 12]
[0, 7, 1049]


[1716, 8, 0]
[134, 169, 65]
[0, 169, 739]


[1743, 5, 0]
[128, 345, 32]
[0, 535, 212]


[1771, 1, 0]
[120, 981, 0]
[0, 127, 0]


[1862, 4, 0]
[61, 1073, 0]
[0, 0, 0]


[2019, 246, 0]
[125, 610, 0]
[0, 0, 0]


[3000, 0, 0]
[0, 0, 0]
[0, 0, 0]


[3000, 0, 0]
[0, 0, 0]
[0, 0, 0]
each floor by percent


[100.0, 0.0, 0.0]
[40.24096385542168, 18.55421686746988, 41.20481927710843]
[0.9259259259259258, 1.4403292181069958, 97.63374485596707]


[100.0, 0.0, 0.0]
[53.125, 6.25, 40.625]
[1.6838166510757717, 0.5612722170252573, 97.75491113189898]


[100.0, 0.0, 0.0]
[38.46153846153847, 9.401709401709402, 52.13675213675214]
[2.626970227670753, 0.08756567425569177, 97.28546409807356]


[99.99999999999999, 0.0, 0.0]
[34.96503496503497, 20.97902097902098, 44.05594405594406]
[2.42152466367713, 0.17937219730941703, 97.39910313901345]


[99.99999999999999, 0.0, 0.0]
[28.26086956521739, 32.608695652173914, 39.130434782608695]
[0.8579599618684461, 0.3813155386081983, 98.76072449952335]


[100.00000000000001, 0.0, 0.0]
[24.758842443729904, 28.29581993569132, 46.94533762057878]
[0.0, 0.0, 100.0]


[100.0, 0.0, 0.0]
[11.133603238866396, 22.672064777327932, 66.19433198380567]
[0.0, 0.0, 100.0]


[99.49720670391062, 0.5027932960893855, 0.0]
[12.422360248447205, 20.28985507246377, 67.28778467908903]
[0.0, 0.0, 100.0]


[99.35370152761458, 0.6462984723854289, 0.0]
[34.5959595959596, 24.747474747474747, 40.656565656565654]
[0.0, 0.0, 100.0]


[99.47121034077556, 0.5287896592244419, 0.0]
[78.97727272727273, 20.454545454545453, 0.5681818181818182]
[0.0, 3.5650623885918002, 96.43493761140819]


[99.47121034077556, 0.5287896592244419, 0.0]
[62.396694214876035, 32.64462809917355, 4.958677685950414]
[0.0, 0.6628787878787878, 99.3371212121212]


[99.53596287703017, 0.4640371229698376, 0.0]
[36.41304347826087, 45.92391304347826, 17.663043478260867]
[0.0, 18.612334801762113, 81.38766519823788]


[99.71395881006865, 0.2860411899313501, 0.0]
[25.346534653465348, 68.31683168316832, 6.336633663366337]
[0.0, 71.61981258366801, 28.380187416331996]


[99.94356659142213, 0.05643340857787811, 0.0]
[10.899182561307903, 89.1008174386921, 0.0]
[0.0, 100.0, 0.0]


[99.78563772775992, 0.21436227224008575, 0.0]
[5.379188712522046, 94.62081128747795, 0.0]
[0, 0, 0]


[89.13907284768213, 10.860927152317881, 0.0]
[17.006802721088437, 82.99319727891157, 0.0]
[0, 0, 0]


[100.0, 0.0, 0.0]
[0, 0, 0]
[0, 0, 0]


[100.0, 0.0, 0.0]
[0, 0, 0]
[0, 0, 0]
total by number and percent
[33978, 302, 0]
[1671, 3887, 1566]
[93, 905, 11598]
[99.11901983663944, 0.8809801633605601, 0.0]
[23.45592363840539, 54.56204379562044, 21.982032565974173]
[0.7383296284534773, 7.184820577961258, 92.07684979358527]
total accuracy
0.9159814814814815
-------------------folder , length of x_test, y_test-------------------------
130 2000 2000
number by successful floor
0,0
1,0
2,0
3,2
4,24
5,4
6,1
7,1
8,0
9,2
10,5
11,0
12,1
13,0
14,5
15,27
16,53
17,3
18,1872
each floor by number


[1875, 11, 38]
[66, 2, 8]
[0, 0, 0]


[1872, 0, 52]
[66, 0, 10]
[0, 0, 0]


[1926, 0, 50]
[22, 0, 2]
[0, 0, 0]


[1955, 0, 45]
[0, 0, 0]
[0, 0, 0]


[1960, 0, 40]
[0, 0, 0]
[0, 0, 0]


[1969, 0, 31]
[0, 0, 0]
[0, 0, 0]


[1974, 0, 26]
[0, 0, 0]
[0, 0, 0]


[1970, 3, 27]
[0, 0, 0]
[0, 0, 0]


[1968, 1, 31]
[0, 0, 0]
[0, 0, 0]


[1968, 0, 32]
[0, 0, 0]
[0, 0, 0]


[1961, 39, 0]
[0, 0, 0]
[0, 0, 0]


[1960, 40, 0]
[0, 0, 0]
[0, 0, 0]


[1961, 39, 0]
[0, 0, 0]
[0, 0, 0]


[1966, 34, 0]
[0, 0, 0]
[0, 0, 0]


[1998, 2, 0]
[0, 0, 0]
[0, 0, 0]


[2000, 0, 0]
[0, 0, 0]
[0, 0, 0]


[2000, 0, 0]
[0, 0, 0]
[0, 0, 0]


[2000, 0, 0]
[0, 0, 0]
[0, 0, 0]
each floor by percent


[97.45322245322247, 0.5717255717255718, 1.9750519750519753]
[86.84210526315789, 2.6315789473684212, 10.526315789473685]
[0, 0, 0]


[97.2972972972973, 0.0, 2.702702702702703]
[86.84210526315789, 0.0, 13.157894736842104]
[0, 0, 0]


[97.46963562753035, 0.0, 2.5303643724696356]
[91.66666666666667, 0.0, 8.333333333333334]
[0, 0, 0]


[97.75, 0.0, 2.25]
[0, 0, 0]
[0, 0, 0]


[98.0, 0.0, 2.0]
[0, 0, 0]
[0, 0, 0]


[98.45, 0.0, 1.55]
[0, 0, 0]
[0, 0, 0]


[98.7, 0.0, 1.3]
[0, 0, 0]
[0, 0, 0]


[98.5, 0.15, 1.35]
[0, 0, 0]
[0, 0, 0]


[98.4, 0.05, 1.55]
[0, 0, 0]
[0, 0, 0]


[98.4, 0.0, 1.6]
[0, 0, 0]
[0, 0, 0]


[98.05, 1.95, 0.0]
[0, 0, 0]
[0, 0, 0]


[98.0, 2.0, 0.0]
[0, 0, 0]
[0, 0, 0]


[98.05, 1.95, 0.0]
[0, 0, 0]
[0, 0, 0]


[98.3, 1.7, 0.0]
[0, 0, 0]
[0, 0, 0]


[99.9, 0.1, 0.0]
[0, 0, 0]
[0, 0, 0]


[100.0, 0.0, 0.0]
[0, 0, 0]
[0, 0, 0]


[100.0, 0.0, 0.0]
[0, 0, 0]
[0, 0, 0]


[100.0, 0.0, 0.0]
[0, 0, 0]
[0, 0, 0]
total by number and percent
[35283, 169, 372]
[154, 2, 20]
[0, 0, 0]
[98.48983921393479, 0.4717507815989281, 1.0384100044662796]
[87.5, 1.1363636363636365, 11.363636363636363]
[nan, nan, nan]
total accuracy
0.9801388888888889
-------------------folder , length of x_test, y_test-------------------------
131 1600 1600
number by successful floor
0,0
1,0
2,0
3,0
4,0
5,0
6,0
7,0
8,0
9,0
10,0
11,0
12,0
13,0
14,0
15,0
16,0
17,0
18,1600
each floor by number


[1600, 0, 0]
[0, 0, 0]
[0, 0, 0]


[1600, 0, 0]
[0, 0, 0]
[0, 0, 0]


[1600, 0, 0]
[0, 0, 0]
[0, 0, 0]


[1600, 0, 0]
[0, 0, 0]
[0, 0, 0]


[1600, 0, 0]
[0, 0, 0]
[0, 0, 0]


[1600, 0, 0]
[0, 0, 0]
[0, 0, 0]


[1600, 0, 0]
[0, 0, 0]
[0, 0, 0]


[1600, 0, 0]
[0, 0, 0]
[0, 0, 0]


[1600, 0, 0]
[0, 0, 0]
[0, 0, 0]


[1600, 0, 0]
[0, 0, 0]
[0, 0, 0]


[1600, 0, 0]
[0, 0, 0]
[0, 0, 0]


[1600, 0, 0]
[0, 0, 0]
[0, 0, 0]


[1600, 0, 0]
[0, 0, 0]
[0, 0, 0]


[1600, 0, 0]
[0, 0, 0]
[0, 0, 0]


[1600, 0, 0]
[0, 0, 0]
[0, 0, 0]


[1600, 0, 0]
[0, 0, 0]
[0, 0, 0]


[1600, 0, 0]
[0, 0, 0]
[0, 0, 0]


[1600, 0, 0]
[0, 0, 0]
[0, 0, 0]
each floor by percent


[100.0, 0.0, 0.0]
[0, 0, 0]
[0, 0, 0]


[100.0, 0.0, 0.0]
[0, 0, 0]
[0, 0, 0]


[100.0, 0.0, 0.0]
[0, 0, 0]
[0, 0, 0]


[100.0, 0.0, 0.0]
[0, 0, 0]
[0, 0, 0]


[100.0, 0.0, 0.0]
[0, 0, 0]
[0, 0, 0]


[100.0, 0.0, 0.0]
[0, 0, 0]
[0, 0, 0]


[100.0, 0.0, 0.0]
[0, 0, 0]
[0, 0, 0]


[100.0, 0.0, 0.0]
[0, 0, 0]
[0, 0, 0]


[100.0, 0.0, 0.0]
[0, 0, 0]
[0, 0, 0]


[100.0, 0.0, 0.0]
[0, 0, 0]
[0, 0, 0]


[100.0, 0.0, 0.0]
[0, 0, 0]
[0, 0, 0]


[100.0, 0.0, 0.0]
[0, 0, 0]
[0, 0, 0]


[100.0, 0.0, 0.0]
[0, 0, 0]
[0, 0, 0]


[100.0, 0.0, 0.0]
[0, 0, 0]
[0, 0, 0]


[100.0, 0.0, 0.0]
[0, 0, 0]
[0, 0, 0]


[100.0, 0.0, 0.0]
[0, 0, 0]
[0, 0, 0]


[100.0, 0.0, 0.0]
[0, 0, 0]
[0, 0, 0]


[100.0, 0.0, 0.0]
[0, 0, 0]
[0, 0, 0]
total by number and percent
[28800, 0, 0]
[0, 0, 0]
[0, 0, 0]
[100.0, 0.0, 0.0]
[nan, nan, nan]
[nan, nan, nan]
total accuracy
1.0
-------------------folder , length of x_test, y_test-------------------------
132 3920 3920
number by successful floor
0,0
1,0
2,0
3,0
4,0
5,0
6,4
7,6
8,3
9,4
10,12
11,56
12,43
13,117
14,66
15,130
16,464
17,771
18,2244
each floor by number


[1542, 0, 0]
[231, 33, 41]
[0, 15, 2058]


[1542, 0, 0]
[224, 1, 9]
[4, 1, 2139]


[1710, 0, 0]
[69, 0, 53]
[4, 0, 2084]


[1710, 0, 0]
[85, 3, 34]
[6, 4, 2078]


[1718, 1, 0]
[108, 10, 107]
[0, 90, 1886]


[1771, 0, 0]
[63, 288, 36]
[0, 335, 1427]


[1771, 0, 0]
[63, 583, 57]
[0, 101, 1345]


[1775, 1, 0]
[68, 732, 61]
[0, 9, 1274]


[1816, 11, 0]
[19, 727, 64]
[0, 8, 1275]


[1819, 8, 0]
[21, 680, 109]
[0, 44, 1239]


[1828, 4, 0]
[41, 903, 304]
[0, 77, 763]


[1881, 63, 0]
[123, 1504, 143]
[0, 1, 205]


[2029, 27, 0]
[290, 1574, 0]
[0, 0, 0]


[2169, 55, 0]
[278, 1418, 0]
[0, 0, 0]


[2622, 234, 0]
[2, 1062, 0]
[0, 0, 0]


[3485, 57, 0]
[1, 377, 0]
[0, 0, 0]


[3920, 0, 0]
[0, 0, 0]
[0, 0, 0]


[3920, 0, 0]
[0, 0, 0]
[0, 0, 0]
each floor by percent


[100.0, 0.0, 0.0]
[75.73770491803279, 10.819672131147541, 13.442622950819674]
[0.0, 0.723589001447178, 99.27641099855282]


[100.0, 0.0, 0.0]
[95.72649572649573, 0.4273504273504274, 3.8461538461538463]
[0.18656716417910446, 0.046641791044776115, 99.76679104477611]


[99.99999999999999, 0.0, 0.0]
[56.55737704918033, 0.0, 43.442622950819676]
[0.19157088122605365, 0.0, 99.80842911877396]


[99.99999999999999, 0.0, 0.0]
[69.67213114754098, 2.459016393442623, 27.868852459016395]
[0.2873563218390805, 0.19157088122605365, 99.52107279693487]


[99.94182664339732, 0.05817335660267597, 0.0]
[48.0, 4.444444444444445, 47.55555555555556]
[0.0, 4.554655870445344, 95.44534412955466]


[100.0, 0.0, 0.0]
[16.27906976744186, 74.4186046511628, 9.30232558139535]
[0.0, 19.01248581157775, 80.98751418842224]


[100.0, 0.0, 0.0]
[8.961593172119487, 82.9302987197724, 8.108108108108107]
[0.0, 6.984785615491009, 93.01521438450898]


[99.94369369369369, 0.0563063063063063, 0.0]
[7.897793263646923, 85.01742160278746, 7.084785133565622]
[0.0, 0.7014809041309431, 99.29851909586905]


[99.39792008757526, 0.60207991242474, 0.0]
[2.345679012345679, 89.75308641975309, 7.901234567901235]
[0.0, 0.6235385814497272, 99.37646141855028]


[99.56212370005474, 0.43787629994526545, 0.0]
[2.5925925925925926, 83.95061728395062, 13.456790123456791]
[0.0, 3.4294621979734994, 96.5705378020265]


[99.78165938864629, 0.2183406113537118, 0.0]
[3.28525641025641, 72.35576923076923, 24.358974358974358]
[0.0, 9.166666666666666, 90.83333333333333]


[96.75925925925925, 3.2407407407407405, 0.0]
[6.9491525423728815, 84.97175141242938, 8.07909604519774]
[0.0, 0.4854368932038835, 99.51456310679612]


[98.68677042801556, 1.3132295719844358, 0.0]
[15.55793991416309, 84.44206008583691, 0.0]
[0, 0, 0]


[97.52697841726619, 2.4730215827338133, 0.0]
[16.391509433962263, 83.60849056603773, 0.0]
[0, 0, 0]


[91.80672268907563, 8.19327731092437, 0.0]
[0.18796992481203006, 99.81203007518796, 0.0]
[0, 0, 0]


[98.39073969508752, 1.6092603049124787, 0.0]
[0.2645502645502646, 99.73544973544973, 0.0]
[0, 0, 0]


[99.99999999999999, 0.0, 0.0]
[0, 0, 0]
[0, 0, 0]


[99.99999999999999, 0.0, 0.0]
[0, 0, 0]
[0, 0, 0]
total by number and percent
[39028, 461, 0]
[1686, 9895, 1018]
[14, 685, 17773]
[98.83258628985287, 1.1674137101471296, 0.0]
[13.38201444559092, 78.53797920469879, 8.080006349710294]
[0.075790385448246, 3.708315288003465, 96.2158943265483]
total accuracy
0.9452380952380952
-------------------folder , length of x_test, y_test-------------------------
133 2100 2100
number by successful floor
0,0
1,0
2,0
3,1
4,12
5,1
6,7
7,32
8,44
9,43
10,36
11,28
12,14
13,37
14,95
15,98
16,179
17,219
18,1254
each floor by number


[1218, 6, 15]
[84, 32, 45]
[3, 31, 666]


[1215, 2, 22]
[68, 0, 39]
[18, 3, 733]


[1262, 0, 26]
[45, 0, 30]
[14, 0, 723]


[1280, 5, 22]
[52, 5, 47]
[6, 5, 678]


[1301, 2, 20]
[47, 44, 73]
[6, 4, 603]


[1318, 3, 10]
[53, 118, 118]
[0, 61, 419]


[1333, 15, 9]
[40, 263, 168]
[0, 1, 271]


[1344, 30, 9]
[33, 284, 216]
[0, 0, 184]


[1336, 48, 15]
[27, 266, 224]
[0, 0, 184]


[1344, 33, 23]
[25, 274, 281]
[0, 0, 120]


[1368, 101, 13]
[21, 368, 229]
[0, 0, 0]


[1397, 195, 7]
[18, 483, 0]
[0, 0, 0]


[1469, 223, 0]
[23, 385, 0]
[0, 0, 0]


[1567, 205, 0]
[6, 322, 0]
[0, 0, 0]


[1732, 216, 0]
[0, 152, 0]
[0, 0, 0]


[2076, 24, 0]
[0, 0, 0]
[0, 0, 0]


[2100, 0, 0]
[0, 0, 0]
[0, 0, 0]


[2100, 0, 0]
[0, 0, 0]
[0, 0, 0]
each floor by percent


[98.30508474576271, 0.48426150121065376, 1.2106537530266344]
[52.17391304347826, 19.875776397515526, 27.95031055900621]
[0.42857142857142855, 4.428571428571429, 95.14285714285714]


[98.06295399515739, 0.16142050040355124, 1.7756255044390636]
[63.55140186915887, 0.0, 36.44859813084112]
[2.387267904509284, 0.3978779840848806, 97.21485411140584]


[97.98136645962732, 0.0, 2.0186335403726705]
[60.0, 0.0, 40.0]
[1.8995929443690638, 0.0, 98.10040705563094]


[97.93420045906656, 0.38255547054322875, 1.6832440703902065]
[50.0, 4.8076923076923075, 45.19230769230769]
[0.8708272859216256, 0.725689404934688, 98.4034833091437]


[98.33711262282691, 0.15117157974300832, 1.511715797430083]
[28.658536585365855, 26.82926829268293, 44.51219512195122]
[0.9787928221859706, 0.6525285481239804, 98.36867862969005]


[99.02329075882794, 0.2253944402704733, 0.7513148009015778]
[18.33910034602076, 40.830449826989614, 40.830449826989614]
[0.0, 12.708333333333334, 87.29166666666667]


[98.23139277818717, 1.105379513633014, 0.6632277081798084]
[8.492569002123142, 55.83864118895966, 35.6687898089172]
[0.0, 0.3676470588235294, 99.63235294117646]


[97.18004338394793, 2.1691973969631237, 0.6507592190889371]
[6.191369606003752, 53.28330206378987, 40.52532833020638]
[0.0, 0.0, 100.0]


[95.49678341672623, 3.4310221586847747, 1.072194424588992]
[5.222437137330754, 51.45067698259188, 43.32688588007737]
[0.0, 0.0, 100.0]


[96.0, 2.357142857142857, 1.6428571428571428]
[4.310344827586207, 47.241379310344826, 48.44827586206897]
[0.0, 0.0, 100.0]


[92.3076923076923, 6.815114709851552, 0.8771929824561403]
[3.3980582524271847, 59.54692556634304, 37.055016181229774]
[0, 0, 0]


[87.36710444027517, 12.195121951219512, 0.4377736085053158]
[3.5928143712574854, 96.40718562874252, 0.0]
[0, 0, 0]


[86.82033096926713, 13.179669030732859, 0.0]
[5.637254901960784, 94.36274509803921, 0.0]
[0, 0, 0]


[88.43115124153499, 11.568848758465013, 0.0]
[1.829268292682927, 98.17073170731707, 0.0]
[0, 0, 0]


[88.91170431211499, 11.08829568788501, 0.0]
[0.0, 100.0, 0.0]
[0, 0, 0]


[98.85714285714286, 1.1428571428571428, 0.0]
[0, 0, 0]
[0, 0, 0]


[100.0, 0.0, 0.0]
[0, 0, 0]
[0, 0, 0]


[100.0, 0.0, 0.0]
[0, 0, 0]
[0, 0, 0]
total by number and percent
[26760, 1108, 191]
[542, 2996, 1470]
[47, 105, 4581]
[95.37046936811718, 3.9488221248084394, 0.680708507074379]
[10.822683706070288, 59.82428115015974, 29.35303514376997]
[0.9930276780054933, 2.2184660891612085, 96.7885062328333]
total accuracy
0.9083862433862434
-------------------folder , length of x_test, y_test-------------------------
134 7524 7524
number by successful floor
0,0
1,0
2,0
3,0
4,0
5,0
6,102
7,77
8,58
9,34
10,20
11,21
12,111
13,115
14,189
15,248
16,791
17,1833
18,3925
each floor by number


[1869, 1, 0]
[384, 187, 123]
[91, 26, 4843]


[1869, 1, 0]
[292, 27, 95]
[202, 14, 5024]


[2092, 0, 6]
[104, 1, 78]
[228, 2, 5013]


[2095, 0, 2]
[221, 51, 37]
[124, 5, 4989]


[2104, 1, 0]
[356, 117, 12]
[1, 10, 4923]


[2112, 0, 0]
[374, 349, 19]
[0, 283, 4387]


[2182, 1, 0]
[332, 694, 34]
[1, 283, 3997]


[2188, 0, 0]
[354, 791, 38]
[2, 350, 3801]


[2184, 0, 0]
[346, 800, 41]
[2, 345, 3806]


[2184, 0, 0]
[345, 835, 73]
[2, 301, 3784]


[2306, 1, 0]
[255, 1452, 88]
[0, 56, 3366]


[2380, 0, 0]
[206, 2284, 23]
[0, 448, 2183]


[2583, 9, 0]
[254, 2923, 0]
[0, 785, 970]


[2832, 34, 0]
[408, 4250, 0]
[0, 0, 0]


[3784, 114, 0]
[10, 3616, 0]
[0, 0, 0]


[4877, 76, 0]
[256, 2315, 0]
[0, 0, 0]


[7069, 0, 0]
[455, 0, 0]
[0, 0, 0]


[7524, 0, 0]
[0, 0, 0]
[0, 0, 0]
each floor by percent


[99.94652406417113, 0.053475935828877004, 0.0]
[55.331412103746395, 26.94524495677233, 17.723342939481267]
[1.8346774193548387, 0.5241935483870968, 97.64112903225806]


[99.94652406417113, 0.053475935828877004, 0.0]
[70.53140096618358, 6.521739130434783, 22.946859903381643]
[3.854961832061069, 0.26717557251908397, 95.87786259541986]


[99.71401334604386, 0.0, 0.2859866539561487]
[56.830601092896174, 0.5464480874316939, 42.62295081967213]
[4.348655349990463, 0.038146099561319854, 95.61319855044822]


[99.90462565569862, 0.0, 0.09537434430138293]
[71.52103559870551, 16.50485436893204, 11.97411003236246]
[2.422821414615084, 0.09769441187964048, 97.47948417350527]


[99.95249406175772, 0.047505938242280284, 0.0]
[73.40206185567011, 24.12371134020619, 2.4742268041237114]
[0.020267531414673693, 0.20267531414673692, 99.77705715443858]


[100.0, 0.0, 0.0]
[50.40431266846361, 47.03504043126685, 2.560646900269542]
[0.0, 6.059957173447537, 93.94004282655246]


[99.95419147961522, 0.04580852038479157, 0.0]
[31.320754716981135, 65.47169811320755, 3.207547169811321]
[0.023359028264424198, 6.6106049988320486, 93.36603597290352]


[100.0, 0.0, 0.0]
[29.92392223161454, 66.86390532544378, 3.212172442941674]
[0.04815795810257645, 8.42764266795088, 91.52419937394654]


[100.0, 0.0, 0.0]
[29.149115417017693, 67.39679865206404, 3.4540859309182816]
[0.04815795810257645, 8.307247772694437, 91.64459426920298]


[100.0, 0.0, 0.0]
[27.533918595371112, 66.64006384676776, 5.8260175578611335]
[0.04893564962074872, 7.364815267922682, 92.58624908245658]


[99.95665366276549, 0.043346337234503686, 0.0]
[14.206128133704736, 80.89136490250696, 4.902506963788301]
[0.0, 1.6364699006428989, 98.3635300993571]


[100.0, 0.0, 0.0]
[8.197373656983686, 90.88738559490649, 0.9152407481098289]
[0.0, 17.027746104142913, 82.9722538958571]


[99.65277777777777, 0.3472222222222222, 0.0]
[7.9949638023292415, 92.00503619767076, 0.0]
[0.0, 44.729344729344724, 55.27065527065527]


[98.81367759944173, 1.1863224005582693, 0.0]
[8.75912408759124, 91.24087591240877, 0.0]
[0, 0, 0]


[97.07542329399693, 2.9245767060030787, 0.0]
[0.27578599007170435, 99.7242140099283, 0.0]
[0, 0, 0]


[98.46557641833232, 1.5344235816676761, 0.0]
[9.957215091404123, 90.04278490859588, 0.0]
[0, 0, 0]


[100.0, 0.0, 0.0]
[100.0, 0.0, 0.0]
[0, 0, 0]


[100.0, 0.0, 0.0]
[0, 0, 0]
[0, 0, 0]
total by number and percent
[54234, 238, 8]
[4952, 20692, 661]
[653, 2908, 51086]
[99.54845814977973, 0.4368575624082232, 0.014684287812041116]
[18.825318380536018, 78.66185135905721, 2.512830260406767]
[1.1949420828224788, 5.321426610792908, 93.48363130638461]
total accuracy
0.9304447988658515
-------------------folder , length of x_test, y_test-------------------------
135 2100 2100
number by successful floor
0,0
1,0
2,0
3,0
4,0
5,0
6,0
7,0
8,0
9,0
10,0
11,0
12,0
13,0
14,0
15,0
16,0
17,0
18,2100
each floor by number


[2100, 0, 0]
[0, 0, 0]
[0, 0, 0]


[2100, 0, 0]
[0, 0, 0]
[0, 0, 0]


[2100, 0, 0]
[0, 0, 0]
[0, 0, 0]


[2100, 0, 0]
[0, 0, 0]
[0, 0, 0]


[2100, 0, 0]
[0, 0, 0]
[0, 0, 0]


[2100, 0, 0]
[0, 0, 0]
[0, 0, 0]


[2100, 0, 0]
[0, 0, 0]
[0, 0, 0]


[2100, 0, 0]
[0, 0, 0]
[0, 0, 0]


[2100, 0, 0]
[0, 0, 0]
[0, 0, 0]


[2100, 0, 0]
[0, 0, 0]
[0, 0, 0]


[2100, 0, 0]
[0, 0, 0]
[0, 0, 0]


[2100, 0, 0]
[0, 0, 0]
[0, 0, 0]


[2100, 0, 0]
[0, 0, 0]
[0, 0, 0]


[2100, 0, 0]
[0, 0, 0]
[0, 0, 0]


[2100, 0, 0]
[0, 0, 0]
[0, 0, 0]


[2100, 0, 0]
[0, 0, 0]
[0, 0, 0]


[2100, 0, 0]
[0, 0, 0]
[0, 0, 0]


[2100, 0, 0]
[0, 0, 0]
[0, 0, 0]
each floor by percent


[100.0, 0.0, 0.0]
[0, 0, 0]
[0, 0, 0]


[100.0, 0.0, 0.0]
[0, 0, 0]
[0, 0, 0]


[100.0, 0.0, 0.0]
[0, 0, 0]
[0, 0, 0]


[100.0, 0.0, 0.0]
[0, 0, 0]
[0, 0, 0]


[100.0, 0.0, 0.0]
[0, 0, 0]
[0, 0, 0]


[100.0, 0.0, 0.0]
[0, 0, 0]
[0, 0, 0]


[100.0, 0.0, 0.0]
[0, 0, 0]
[0, 0, 0]


[100.0, 0.0, 0.0]
[0, 0, 0]
[0, 0, 0]


[100.0, 0.0, 0.0]
[0, 0, 0]
[0, 0, 0]


[100.0, 0.0, 0.0]
[0, 0, 0]
[0, 0, 0]


[100.0, 0.0, 0.0]
[0, 0, 0]
[0, 0, 0]


[100.0, 0.0, 0.0]
[0, 0, 0]
[0, 0, 0]


[100.0, 0.0, 0.0]
[0, 0, 0]
[0, 0, 0]


[100.0, 0.0, 0.0]
[0, 0, 0]
[0, 0, 0]


[100.0, 0.0, 0.0]
[0, 0, 0]
[0, 0, 0]


[100.0, 0.0, 0.0]
[0, 0, 0]
[0, 0, 0]


[100.0, 0.0, 0.0]
[0, 0, 0]
[0, 0, 0]


[100.0, 0.0, 0.0]
[0, 0, 0]
[0, 0, 0]
total by number and percent
[37800, 0, 0]
[0, 0, 0]
[0, 0, 0]
[100.0, 0.0, 0.0]
[nan, nan, nan]
[nan, nan, nan]
total accuracy
1.0
-------------------folder , length of x_test, y_test-------------------------
136 2400 2400
number by successful floor
0,0
1,0
2,0
3,31
4,23
5,29
6,11
7,9
8,44
9,57
10,21
11,41
12,56
13,106
14,115
15,102
16,142
17,15
18,1598
each floor by number


[1600, 2, 50]
[174, 30, 48]
[50, 141, 305]


[1596, 0, 56]
[216, 12, 48]
[21, 25, 426]


[1712, 0, 64]
[155, 3, 87]
[7, 13, 359]


[1766, 0, 81]
[125, 38, 214]
[10, 15, 151]


[1847, 1, 89]
[80, 141, 242]
[0, 0, 0]


[1937, 20, 86]
[32, 225, 100]
[0, 0, 0]


[1952, 65, 108]
[29, 234, 12]
[0, 0, 0]


[1974, 78, 110]
[34, 192, 12]
[0, 0, 0]


[1968, 85, 114]
[31, 188, 14]
[0, 0, 0]


[1972, 79, 116]
[32, 184, 17]
[0, 0, 0]


[1996, 234, 59]
[27, 80, 4]
[0, 0, 0]


[2038, 332, 0]
[11, 19, 0]
[0, 0, 0]


[2033, 231, 0]
[69, 67, 0]
[0, 0, 0]


[2045, 137, 0]
[119, 99, 0]
[0, 0, 0]


[2136, 46, 0]
[181, 37, 0]
[0, 0, 0]


[2304, 0, 0]
[96, 0, 0]
[0, 0, 0]


[2400, 0, 0]
[0, 0, 0]
[0, 0, 0]


[2400, 0, 0]
[0, 0, 0]
[0, 0, 0]
each floor by percent


[96.85230024213075, 0.12106537530266344, 3.026634382566586]
[69.04761904761905, 11.904761904761905, 19.047619047619047]
[10.080645161290322, 28.427419354838708, 61.49193548387097]


[96.61016949152543, 0.0, 3.3898305084745766]
[78.26086956521739, 4.347826086956522, 17.39130434782609]
[4.4491525423728815, 5.296610169491526, 90.2542372881356]


[96.39639639639638, 0.0, 3.603603603603603]
[63.265306122448976, 1.2244897959183672, 35.51020408163265]
[1.8469656992084433, 3.430079155672823, 94.72295514511873]


[95.61451001624256, 0.0, 4.385489983757445]
[33.15649867374005, 10.079575596816976, 56.763925729442974]
[5.681818181818182, 8.522727272727273, 85.79545454545455]


[95.35363964894165, 0.05162622612287041, 4.594734124935467]
[17.278617710583152, 30.45356371490281, 52.26781857451404]
[0, 0, 0]


[94.81155163974547, 0.9789525208027411, 4.209495839451787]
[8.96358543417367, 63.02521008403362, 28.011204481792717]
[0, 0, 0]


[91.85882352941177, 3.0588235294117645, 5.08235294117647]
[10.545454545454545, 85.0909090909091, 4.363636363636363]
[0, 0, 0]


[91.30434782608695, 3.607770582793709, 5.087881591119333]
[14.285714285714286, 80.67226890756302, 5.042016806722689]
[0, 0, 0]


[90.81679741578218, 3.9224734656206732, 5.260729118597139]
[13.304721030042918, 80.68669527896995, 6.008583690987124]
[0, 0, 0]


[91.00138440239962, 3.6455929856945084, 5.35302261190586]
[13.733905579399142, 78.96995708154506, 7.296137339055794]
[0, 0, 0]


[87.19965050240279, 10.222804718217562, 2.5775447793796418]
[24.324324324324323, 72.07207207207206, 3.603603603603603]
[0, 0, 0]


[85.9915611814346, 14.008438818565402, 0.0]
[36.66666666666667, 63.333333333333336, 0.0]
[0, 0, 0]


[89.79681978798587, 10.203180212014134, 0.0]
[50.73529411764706, 49.264705882352935, 0.0]
[0, 0, 0]


[93.72135655362052, 6.278643446379468, 0.0]
[54.58715596330275, 45.412844036697244, 0.0]
[0, 0, 0]


[97.89184234647112, 2.1081576535288726, 0.0]
[83.02752293577981, 16.972477064220183, 0.0]
[0, 0, 0]


[100.0, 0.0, 0.0]
[100.0, 0.0, 0.0]
[0, 0, 0]


[100.0, 0.0, 0.0]
[0, 0, 0]
[0, 0, 0]


[100.0, 0.0, 0.0]
[0, 0, 0]
[0, 0, 0]
total by number and percent
[35676, 1310, 933]
[1411, 1549, 798]
[88, 194, 1241]
[94.08475961918828, 3.454732456024684, 2.4605079247870463]
[37.54656732304417, 41.2187333688132, 21.23469930814263]
[5.778069599474721, 12.73801707156927, 81.483913328956]
total accuracy
0.8904166666666666
-------------------folder , length of x_test, y_test-------------------------
137 4100 4100
number by successful floor
0,0
1,0
2,0
3,0
4,1
5,0
6,2
7,36
8,64
9,26
10,45
11,66
12,67
13,71
14,104
15,207
16,476
17,616
18,2319
each floor by number


[1765, 3, 1]
[203, 135, 45]
[13, 28, 1907]


[1766, 0, 3]
[169, 23, 65]
[62, 14, 1998]


[1863, 0, 2]
[126, 3, 64]
[57, 2, 1983]


[1923, 0, 2]
[113, 34, 85]
[23, 5, 1915]


[1972, 1, 3]
[115, 82, 292]
[2, 11, 1622]


[2009, 12, 26]
[113, 186, 229]
[1, 36, 1488]


[2034, 51, 17]
[98, 345, 71]
[1, 88, 1395]


[2046, 83, 6]
[87, 354, 86]
[1, 87, 1350]


[2043, 96, 11]
[78, 344, 90]
[1, 85, 1352]


[2033, 91, 8]
[91, 364, 122]
[1, 74, 1316]


[2083, 114, 0]
[58, 563, 160]
[0, 41, 1081]


[2138, 144, 0]
[22, 902, 99]
[0, 145, 650]


[2199, 245, 0]
[24, 1231, 171]
[0, 156, 74]


[2320, 257, 0]
[72, 1451, 0]
[0, 0, 0]


[2679, 137, 0]
[48, 1236, 0]
[0, 0, 0]


[3181, 189, 0]
[60, 670, 0]
[0, 0, 0]


[4100, 0, 0]
[0, 0, 0]
[0, 0, 0]


[4100, 0, 0]
[0, 0, 0]
[0, 0, 0]
each floor by percent


[99.77388355002826, 0.16958733747880156, 0.05652911249293386]
[53.00261096605744, 35.24804177545692, 11.74934725848564]
[0.6673511293634496, 1.4373716632443532, 97.8952772073922]


[99.8304126625212, 0.0, 0.16958733747880156]
[65.75875486381324, 8.949416342412452, 25.29182879377432]
[2.989392478302797, 0.6750241080038574, 96.33558341369336]


[99.89276139410188, 0.0, 0.10723860589812333]
[65.28497409326425, 1.5544041450777202, 33.160621761658035]
[2.791380999020568, 0.0979431929480901, 97.11067580803133]


[99.8961038961039, 0.0, 0.1038961038961039]
[48.70689655172414, 14.655172413793105, 36.63793103448276]
[1.1837364899639733, 0.2573340195573855, 98.55892949047865]


[99.79757085020242, 0.05060728744939271, 0.15182186234817813]
[23.517382413087937, 16.768916155419223, 59.713701431492844]
[0.12232415902140671, 0.6727828746177369, 99.20489296636084]


[98.14362481680509, 0.5862237420615535, 1.2701514411333659]
[21.401515151515152, 35.22727272727273, 43.37121212121212]
[0.06557377049180328, 2.360655737704918, 97.57377049180327]


[96.76498572787821, 2.4262607040913418, 0.8087535680304472]
[19.06614785992218, 67.1206225680934, 13.813229571984436]
[0.0673854447439353, 5.929919137466308, 94.00269541778975]


[95.83138173302108, 3.8875878220140514, 0.2810304449648712]
[16.508538899430743, 67.17267552182163, 16.31878557874763]
[0.06954102920723226, 6.050069541029207, 93.88038942976355]


[95.02325581395348, 4.465116279069767, 0.5116279069767442]
[15.234375, 67.1875, 17.578125]
[0.06954102920723226, 5.910987482614742, 94.01947148817801]


[95.35647279549718, 4.2682926829268295, 0.37523452157598497]
[15.771230502599655, 63.08492201039862, 21.143847487001736]
[0.07189072609633357, 5.319913731128684, 94.60819554277498]


[94.81110605370961, 5.1888939462903965, 0.0]
[7.426376440460948, 72.08706786171575, 20.486555697823306]
[0.0, 3.654188948306595, 96.3458110516934]


[93.6897458369851, 6.310254163014899, 0.0]
[2.150537634408602, 88.17204301075269, 9.67741935483871]
[0.0, 18.238993710691823, 81.76100628930817]


[89.97545008183306, 10.024549918166938, 0.0]
[1.6830294530154277, 86.32538569424965, 11.991584852734922]
[0.0, 67.82608695652175, 32.173913043478265]


[90.02716336825766, 9.972836631742336, 0.0]
[4.727511490479317, 95.27248850952068, 0.0]
[0, 0, 0]


[95.13494318181819, 4.865056818181818, 0.0]
[3.7383177570093458, 96.26168224299066, 0.0]
[0, 0, 0]


[94.39169139465875, 5.608308605341246, 0.0]
[8.219178082191782, 91.78082191780823, 0.0]
[0, 0, 0]


[100.0, 0.0, 0.0]
[0, 0, 0]
[0, 0, 0]


[100.0, 0.0, 0.0]
[0, 0, 0]
[0, 0, 0]
total by number and percent
[42254, 1423, 79]
[1477, 7923, 1579]
[162, 772, 18131]
[96.5673279093153, 3.252125422799159, 0.18054666788554713]
[13.4529556425904, 72.16504235358411, 14.382002003825486]
[0.8497246262785209, 4.049305009179124, 95.10097036454235]
total accuracy
0.9255826558265583
-------------------folder , length of x_test, y_test-------------------------
138 3577 3577
number by successful floor
0,0
1,0
2,0
3,0
4,0
5,0
6,57
7,3
8,57
9,28
10,19
11,54
12,37
13,68
14,116
15,210
16,650
17,489
18,1789
each floor by number


[1567, 0, 0]
[345, 38, 12]
[57, 116, 1442]


[1567, 0, 0]
[265, 0, 8]
[151, 12, 1574]


[1764, 0, 0]
[118, 0, 18]
[129, 2, 1546]


[1777, 0, 0]
[181, 19, 52]
[64, 9, 1475]


[1834, 1, 0]
[148, 93, 138]
[71, 56, 1236]


[1844, 0, 0]
[253, 328, 20]
[4, 107, 1021]


[1853, 7, 0]
[249, 504, 22]
[2, 179, 761]


[1910, 26, 0]
[196, 588, 40]
[0, 138, 679]


[1908, 16, 0]
[174, 622, 45]
[0, 131, 681]


[1909, 15, 0]
[171, 758, 129]
[0, 31, 564]


[2009, 39, 0]
[113, 908, 361]
[0, 22, 125]


[2023, 146, 0]
[190, 1206, 12]
[0, 0, 0]


[2296, 52, 0]
[169, 1060, 0]
[0, 0, 0]


[2473, 62, 0]
[115, 927, 0]
[0, 0, 0]


[2944, 284, 0]
[25, 324, 0]
[0, 0, 0]


[3561, 16, 0]
[0, 0, 0]
[0, 0, 0]


[3577, 0, 0]
[0, 0, 0]
[0, 0, 0]


[3577, 0, 0]
[0, 0, 0]
[0, 0, 0]
each floor by percent


[100.0, 0.0, 0.0]
[87.34177215189872, 9.620253164556962, 3.0379746835443036]
[3.5294117647058827, 7.182662538699691, 89.28792569659444]


[100.0, 0.0, 0.0]
[97.06959706959707, 0.0, 2.93040293040293]
[8.693149107656879, 0.690846286701209, 90.6160046056419]


[100.0, 0.0, 0.0]
[86.76470588235294, 0.0, 13.235294117647058]
[7.6923076923076925, 0.11926058437686345, 92.18843172331545]


[100.0, 0.0, 0.0]
[71.82539682539682, 7.5396825396825395, 20.634920634920636]
[4.134366925064599, 0.5813953488372093, 95.28423772609818]


[99.94550408719346, 0.0544959128065395, 0.0]
[39.050131926121374, 24.53825857519789, 36.41160949868074]
[5.209097578870139, 4.108584005869406, 90.68231841526045]


[100.0, 0.0, 0.0]
[42.09650582362729, 54.5757071547421, 3.327787021630616]
[0.35335689045936397, 9.452296819787986, 90.19434628975264]


[99.62365591397848, 0.3763440860215054, 0.0]
[32.12903225806452, 65.03225806451613, 2.838709677419355]
[0.21231422505307856, 19.002123142250532, 80.7855626326964]


[98.65702479338843, 1.3429752066115703, 0.0]
[23.78640776699029, 71.35922330097087, 4.854368932038835]
[0.0, 16.891064871481028, 83.10893512851898]


[99.16839916839918, 0.8316008316008316, 0.0]
[20.689655172413794, 73.95957193816885, 5.35077288941736]
[0.0, 16.133004926108377, 83.86699507389163]


[99.22037422037423, 0.7796257796257797, 0.0]
[16.16257088846881, 71.64461247637051, 12.19281663516068]
[0.0, 5.2100840336134455, 94.78991596638654]


[98.095703125, 1.904296875, 0.0]
[8.17655571635311, 65.70188133140375, 26.121562952243124]
[0.0, 14.965986394557824, 85.03401360544218]


[93.26878745965882, 6.73121254034117, 0.0]
[13.494318181818182, 85.6534090909091, 0.8522727272727273]
[0, 0, 0]


[97.78534923339012, 2.2146507666098807, 0.0]
[13.751017087062653, 86.24898291293735, 0.0]
[0, 0, 0]


[97.55424063116371, 2.445759368836292, 0.0]
[11.036468330134356, 88.96353166986565, 0.0]
[0, 0, 0]


[91.20198265179677, 8.79801734820322, 0.0]
[7.163323782234957, 92.83667621776503, 0.0]
[0, 0, 0]


[99.55269779144534, 0.4473022085546547, 0.0]
[0, 0, 0]
[0, 0, 0]


[99.99999999999999, 0.0, 0.0]
[0, 0, 0]
[0, 0, 0]


[99.99999999999999, 0.0, 0.0]
[0, 0, 0]
[0, 0, 0]
total by number and percent
[40393, 664, 0]
[2712, 7375, 857]
[478, 803, 11104]
[98.38273619602016, 1.6172638039798328, 0.0]
[24.780701754385966, 67.38852339181287, 7.830774853801169]
[3.859507468712152, 6.483649576100121, 89.65684295518773]
total accuracy
0.9143602646538067
-------------------folder , length of x_test, y_test-------------------------
139 2900 2900
number by successful floor
0,0
1,0
2,0
3,0
4,0
5,0
6,0
7,2
8,6
9,36
10,58
11,62
12,105
13,87
14,113
15,112
16,195
17,373
18,1751
each floor by number


[1496, 2, 0]
[127, 65, 18]
[0, 12, 1180]


[1498, 0, 0]
[116, 3, 20]
[18, 4, 1241]


[1562, 0, 0]
[70, 4, 39]
[11, 0, 1214]


[1589, 0, 0]
[54, 15, 302]
[7, 1, 932]


[1632, 11, 1]
[32, 77, 279]
[0, 1, 867]


[1665, 72, 4]
[11, 76, 320]
[0, 0, 752]


[1683, 55, 21]
[0, 138, 215]
[0, 0, 788]


[1666, 15, 19]
[19, 180, 148]
[0, 0, 853]


[1617, 12, 19]
[66, 185, 108]
[0, 0, 893]


[1612, 17, 15]
[67, 147, 15]
[0, 23, 1004]


[1625, 31, 0]
[70, 130, 44]
[2, 57, 941]


[1642, 31, 0]
[79, 186, 36]
[1, 102, 823]


[1666, 27, 0]
[101, 376, 9]
[0, 203, 518]


[1706, 22, 0]
[104, 646, 8]
[0, 87, 327]


[1810, 10, 0]
[77, 973, 0]
[0, 30, 0]


[1961, 162, 0]
[26, 751, 0]
[0, 0, 0]


[2460, 29, 0]
[71, 340, 0]
[0, 0, 0]


[2765, 0, 0]
[135, 0, 0]
[0, 0, 0]
each floor by percent


[99.86648865153538, 0.13351134846461948, 0.0]
[60.476190476190474, 30.952380952380953, 8.571428571428571]
[0.0, 1.0067114093959733, 98.99328859060402]


[100.0, 0.0, 0.0]
[83.45323741007195, 2.1582733812949644, 14.388489208633095]
[1.4251781472684084, 0.3167062549485352, 98.25811559778305]


[100.0, 0.0, 0.0]
[61.946902654867266, 3.5398230088495577, 34.51327433628319]
[0.8979591836734694, 0.0, 99.10204081632654]


[100.0, 0.0, 0.0]
[14.555256064690028, 4.0431266846361185, 81.40161725067385]
[0.7446808510638298, 0.10638297872340426, 99.14893617021276]


[99.27007299270072, 0.6690997566909975, 0.0608272506082725]
[8.247422680412372, 19.84536082474227, 71.90721649484536]
[0.0, 0.1152073732718894, 99.88479262672811]


[95.63469270534176, 4.135554279149914, 0.22975301550832855]
[2.7027027027027026, 18.67321867321867, 78.62407862407862]
[0.0, 0.0, 100.0]


[95.67936327458783, 3.1267765776009098, 1.1938601478112565]
[0.0, 39.09348441926346, 60.906515580736546]
[0.0, 0.0, 100.0]


[98.0, 0.8823529411764706, 1.1176470588235294]
[5.475504322766571, 51.873198847262245, 42.65129682997118]
[0.0, 0.0, 100.00000000000001]


[98.11893203883496, 0.7281553398058253, 1.1529126213592233]
[18.384401114206128, 51.532033426183844, 30.08356545961003]
[0.0, 0.0, 100.0]


[98.05352798053528, 1.0340632603406326, 0.9124087591240875]
[29.25764192139738, 64.19213973799127, 6.550218340611353]
[0.0, 2.239532619279455, 97.76046738072056]


[98.12801932367151, 1.8719806763285025, 0.0]
[28.688524590163937, 53.278688524590166, 18.0327868852459]
[0.2, 5.7, 94.1]


[98.14704124327555, 1.852958756724447, 0.0]
[26.245847176079735, 61.79401993355482, 11.960132890365449]
[0.1079913606911447, 11.01511879049676, 88.8768898488121]


[98.40519787359716, 1.5948021264028351, 0.0]
[20.781893004115226, 77.36625514403292, 1.8518518518518516]
[0.0, 28.155339805825243, 71.84466019417476]


[98.72685185185185, 1.2731481481481481, 0.0]
[13.720316622691293, 85.22427440633246, 1.0554089709762533]
[0.0, 21.01449275362319, 78.98550724637681]


[99.45054945054946, 0.5494505494505495, 0.0]
[7.333333333333333, 92.66666666666667, 0.0]
[0.0, 100.0, 0.0]


[92.36928874234573, 7.630711257654263, 0.0]
[3.3462033462033465, 96.65379665379666, 0.0]
[0, 0, 0]


[98.83487344314986, 1.1651265568501405, 0.0]
[17.27493917274939, 82.7250608272506, 0.0]
[0, 0, 0]


[100.0, 0.0, 0.0]
[100.0, 0.0, 0.0]
[0, 0, 0]
total by number and percent
[31655, 496, 79]
[1225, 4292, 1561]
[39, 520, 12333]
[98.21594787465095, 1.5389388768228358, 0.2451132485262178]
[17.30714891212207, 60.63859847414524, 22.054252613732693]
[0.30251318647223086, 4.033509152963078, 95.6639776605647]
total accuracy
0.924904214559387
-------------------folder , length of x_test, y_test-------------------------
140 3200 3200
number by successful floor
0,0
1,0
2,0
3,0
4,0
5,0
6,26
7,49
8,57
9,110
10,105
11,89
12,58
13,35
14,30
15,157
16,69
17,305
18,2110
each floor by number


[1968, 17, 0]
[66, 63, 362]
[0, 0, 724]


[1970, 15, 0]
[74, 18, 266]
[0, 0, 857]


[2027, 3, 0]
[39, 11, 267]
[0, 0, 853]


[2068, 19, 30]
[2, 5, 276]
[0, 0, 800]


[2083, 47, 83]
[0, 3, 257]
[0, 0, 727]


[2089, 46, 52]
[0, 12, 502]
[0, 0, 499]


[2083, 68, 17]
[0, 6, 520]
[0, 0, 506]


[2080, 20, 0]
[3, 51, 452]
[0, 0, 594]


[1986, 0, 0]
[87, 75, 282]
[0, 0, 770]


[1937, 0, 0]
[143, 37, 71]
[0, 1, 1011]


[1931, 0, 0]
[165, 17, 9]
[3, 0, 1075]


[1928, 0, 0]
[159, 47, 10]
[1, 1, 1054]


[1948, 0, 0]
[140, 78, 44]
[0, 1, 989]


[1970, 0, 0]
[127, 211, 100]
[0, 41, 751]


[2046, 0, 0]
[69, 800, 0]
[0, 285, 0]


[2143, 45, 0]
[2, 1010, 0]
[0, 0, 0]


[2266, 142, 0]
[0, 792, 0]
[0, 0, 0]


[3200, 0, 0]
[0, 0, 0]
[0, 0, 0]
each floor by percent


[99.14357682619647, 0.8564231738035264, 0.0]
[13.441955193482688, 12.830957230142566, 73.72708757637474]
[0.0, 0.0, 100.0]


[99.24433249370276, 0.7556675062972291, 0.0]
[20.670391061452513, 5.027932960893855, 74.30167597765363]
[0.0, 0.0, 100.0]


[99.85221674876847, 0.14778325123152708, 0.0]
[12.302839116719243, 3.470031545741325, 84.22712933753944]
[0.0, 0.0, 100.00000000000001]


[97.68540387340576, 0.8974964572508266, 1.4170996693434104]
[0.7067137809187279, 1.7667844522968197, 97.52650176678445]
[0.0, 0.0, 100.0]


[94.12562132851333, 2.123813827383642, 3.7505648441030277]
[0.0, 1.1538461538461537, 98.84615384615384]
[0.0, 0.0, 100.0]


[95.51897576588934, 2.1033379058070416, 2.377686328303612]
[0.0, 2.3346303501945527, 97.66536964980546]
[0.0, 0.0, 100.0]


[96.07933579335794, 3.1365313653136533, 0.7841328413284133]
[0.0, 1.1406844106463878, 98.85931558935361]
[0.0, 0.0, 100.00000000000001]


[99.04761904761905, 0.9523809523809523, 0.0]
[0.5928853754940712, 10.07905138339921, 89.32806324110673]
[0.0, 0.0, 100.0]


[100.0, 0.0, 0.0]
[19.594594594594593, 16.89189189189189, 63.51351351351351]
[0.0, 0.0, 100.0]


[100.0, 0.0, 0.0]
[56.97211155378486, 14.741035856573706, 28.286852589641438]
[0.0, 0.09881422924901187, 99.901185770751]


[100.0, 0.0, 0.0]
[86.38743455497382, 8.900523560209425, 4.712041884816754]
[0.2782931354359926, 0.0, 99.72170686456401]


[100.0, 0.0, 0.0]
[73.6111111111111, 21.75925925925926, 4.62962962962963]
[0.0946969696969697, 0.0946969696969697, 99.81060606060606]


[100.0, 0.0, 0.0]
[53.43511450381679, 29.770992366412212, 16.793893129770993]
[0.0, 0.10101010101010101, 99.8989898989899]


[100.0, 0.0, 0.0]
[28.995433789954337, 48.173515981735164, 22.831050228310502]
[0.0, 5.1767676767676765, 94.82323232323232]


[100.0, 0.0, 0.0]
[7.940161104718067, 92.05983889528194, 0.0]
[0.0, 100.0, 0.0]


[97.94332723948813, 2.056672760511883, 0.0]
[0.19762845849802374, 99.80237154150198, 0.0]
[0, 0, 0]


[94.1029900332226, 5.897009966777409, 0.0]
[0.0, 100.0, 0.0]
[0, 0, 0]


[100.0, 0.0, 0.0]
[0, 0, 0]
[0, 0, 0]
total by number and percent
[37723, 422, 182]
[1076, 3236, 3418]
[4, 329, 11210]
[98.42408745792783, 1.1010514780702898, 0.47486106400187855]
[13.919793014230272, 41.862871927554984, 44.21733505821475]
[0.03465303647232089, 2.850212249848393, 97.11513471367928]
total accuracy
0.9057118055555555
big_dic and big_dic_detailed
{0: 0, 1: 0, 2: 0, 3: 39, 4: 91, 5: 104, 6: 350, 7: 446, 8: 579, 9: 457, 10: 543, 11: 812, 12: 1029, 13: 1186, 14: 1768, 15: 2993, 16: 7444, 17: 8479, 18: 39059}
{0: {0: [31623, 59, 121], 1: [3329, 1185, 1116], 2: [427, 719, 26800], 3: [0, 0, 0], 4: [0, 0, 0]}, 1: {0: [31612, 20, 167], 1: [2958, 182, 872], 2: [979, 190, 28399], 3: [0, 0, 0], 4: [0, 0, 0]}, 2: {0: [33514, 5, 178], 1: [1620, 57, 912], 2: [899, 59, 28135], 3: [0, 0, 0], 4: [0, 0, 0]}, 3: {0: [33922, 26, 210], 1: [1830, 374, 1605], 2: [469, 117, 26826], 3: [0, 0, 0], 4: [0, 0, 0]}, 4: {0: [34502, 82, 244], 1: [1896, 1066, 2301], 2: [187, 333, 24768], 3: [0, 0, 0], 4: [0, 0, 0]}, 5: {0: [34852, 181, 221], 1: [2070, 2756, 2335], 2: [37, 1583, 21344], 3: [0, 0, 0], 4: [0, 0, 0]}, 6: {0: [35175, 298, 201], 1: [1874, 5281, 2220], 2: [8, 902, 19420], 3: [0, 0, 0], 4: [0, 0, 0]}, 7: {0: [35446, 326, 174], 1: [1746, 5841, 2162], 2: [11, 812, 18861], 3: [0, 0, 0], 4: [0, 0, 0]}, 8: {0: [35111, 332, 198], 1: [1875, 5714, 1754], 2: [14, 995, 19386], 3: [0, 0, 0], 4: [0, 0, 0]}, 9: {0: [35057, 298, 199], 1: [1952, 5546, 1435], 2: [25, 1151, 19716], 3: [0, 0, 0], 4: [0, 0, 0]}, 10: {0: [35686, 662, 72], 1: [1716, 7686, 1793], 2: [5, 1142, 16617], 3: [0, 0, 0], 4: [0, 0, 0]}, 11: {0: [36394, 1183, 7], 1: [1653, 12458, 1500], 2: [2, 2197, 9985], 3: [0, 0, 0], 4: [0, 0, 0]}, 12: {0: [37856, 1520, 0], 1: [1832, 15330, 409], 2: [0, 2753, 5679], 3: [0, 0, 0], 4: [0, 0, 0]}, 13: {0: [39572, 1299, 0], 1: [2135, 19895, 110], 2: [0, 1146, 1222], 3: [0, 0, 0], 4: [0, 0, 0]}, 14: {0: [43850, 1519, 0], 1: [1064, 18631, 0], 2: [0, 315, 0], 3: [0, 0, 0], 4: [0, 0, 0]}, 15: {0: [50512, 2232, 0], 1: [2145, 10490, 0], 2: [0, 0, 0], 3: [0, 0, 0], 4: [0, 0, 0]}, 16: {0: [62039, 171, 0], 1: [1734, 1435, 0], 2: [0, 0, 0], 3: [0, 0, 0], 4: [0, 0, 0]}, 17: {0: [65244, 0, 0], 1: [135, 0, 0], 2: [0, 0, 0], 3: [0, 0, 0], 4: [0, 0, 0]}}
