total test length
33648
total test length
33648
-------------------folder , length of x_test, y_test-------------------------
121 110 110
number by successful floor
0,0
1,0
2,0
3,0
4,0
5,0
6,0
7,0
8,36
9,37
10,14
11,6
12,2
13,4
14,2
15,2
16,6
17,1
18,0
each floor by number


[0, 0, 0]
[0, 109, 1]
[0, 0, 0]


[0, 0, 0]
[0, 15, 95]
[0, 0, 0]


[0, 0, 70]
[0, 0, 40]
[0, 0, 0]


[0, 19, 61]
[0, 8, 22]
[0, 0, 0]


[5, 85, 0]
[0, 20, 0]
[0, 0, 0]


[5, 95, 0]
[0, 10, 0]
[0, 0, 0]


[7, 103, 0]
[0, 0, 0]
[0, 0, 0]


[26, 84, 0]
[0, 0, 0]
[0, 0, 0]


[18, 92, 0]
[0, 0, 0]
[0, 0, 0]


[15, 95, 0]
[0, 0, 0]
[0, 0, 0]


[67, 43, 0]
[0, 0, 0]
[0, 0, 0]


[109, 1, 0]
[0, 0, 0]
[0, 0, 0]


[110, 0, 0]
[0, 0, 0]
[0, 0, 0]


[110, 0, 0]
[0, 0, 0]
[0, 0, 0]


[110, 0, 0]
[0, 0, 0]
[0, 0, 0]


[110, 0, 0]
[0, 0, 0]
[0, 0, 0]


[110, 0, 0]
[0, 0, 0]
[0, 0, 0]


[110, 0, 0]
[0, 0, 0]
[0, 0, 0]
each floor by percent


[0, 0, 0]
[0.0, 99.09090909090908, 0.9090909090909091]
[0, 0, 0]


[0, 0, 0]
[0.0, 13.636363636363635, 86.36363636363636]
[0, 0, 0]


[0.0, 0.0, 100.0]
[0.0, 0.0, 100.0]
[0, 0, 0]


[0.0, 23.75, 76.25]
[0.0, 26.666666666666668, 73.33333333333334]
[0, 0, 0]


[5.555555555555555, 94.44444444444444, 0.0]
[0.0, 100.0, 0.0]
[0, 0, 0]


[5.0, 95.0, 0.0]
[0.0, 100.0, 0.0]
[0, 0, 0]


[6.363636363636363, 93.63636363636363, 0.0]
[0, 0, 0]
[0, 0, 0]


[23.636363636363633, 76.36363636363636, 0.0]
[0, 0, 0]
[0, 0, 0]


[16.363636363636363, 83.63636363636363, 0.0]
[0, 0, 0]
[0, 0, 0]


[13.636363636363635, 86.36363636363636, 0.0]
[0, 0, 0]
[0, 0, 0]


[60.90909090909091, 39.090909090909086, 0.0]
[0, 0, 0]
[0, 0, 0]


[99.09090909090908, 0.9090909090909091, 0.0]
[0, 0, 0]
[0, 0, 0]


[99.99999999999999, 0.0, 0.0]
[0, 0, 0]
[0, 0, 0]


[99.99999999999999, 0.0, 0.0]
[0, 0, 0]
[0, 0, 0]


[99.99999999999999, 0.0, 0.0]
[0, 0, 0]
[0, 0, 0]


[99.99999999999999, 0.0, 0.0]
[0, 0, 0]
[0, 0, 0]


[99.99999999999999, 0.0, 0.0]
[0, 0, 0]
[0, 0, 0]


[99.99999999999999, 0.0, 0.0]
[0, 0, 0]
[0, 0, 0]
total by number and percent
[912, 617, 131]
[0, 162, 158]
[0, 0, 0]
[54.93975903614458, 37.16867469879518, 7.891566265060241]
[0.0, 50.625, 49.375]
[nan, nan, nan]
total accuracy
0.5424242424242425
-------------------folder , length of x_test, y_test-------------------------
122 4593 4593
