total test length
33648
-------------------folder , length of x_test, y_test-------------------------
121 110 110
number by successful floor
0,0
1,0
2,0
3,0
4,0
5,0
6,0
7,0
8,0
9,0
10,0
11,0
12,10
13,10
14,20
15,70
16,0
17,0
18,0
each floor by number


[0, 0, 0]
[110, 0, 0]
[0, 0, 0]


[0, 0, 0]
[110, 0, 0]
[0, 0, 0]


[70, 0, 0]
[40, 0, 0]
[0, 0, 0]


[0, 0, 80]
[0, 0, 30]
[0, 0, 0]


[90, 0, 0]
[20, 0, 0]
[0, 0, 0]


[100, 0, 0]
[10, 0, 0]
[0, 0, 0]


[110, 0, 0]
[0, 0, 0]
[0, 0, 0]


[110, 0, 0]
[0, 0, 0]
[0, 0, 0]


[110, 0, 0]
[0, 0, 0]
[0, 0, 0]


[110, 0, 0]
[0, 0, 0]
[0, 0, 0]


[110, 0, 0]
[0, 0, 0]
[0, 0, 0]


[110, 0, 0]
[0, 0, 0]
[0, 0, 0]


[110, 0, 0]
[0, 0, 0]
[0, 0, 0]


[110, 0, 0]
[0, 0, 0]
[0, 0, 0]


[110, 0, 0]
[0, 0, 0]
[0, 0, 0]


[110, 0, 0]
[0, 0, 0]
[0, 0, 0]


[110, 0, 0]
[0, 0, 0]
[0, 0, 0]


[110, 0, 0]
[0, 0, 0]
[0, 0, 0]
each floor by percent


[0, 0, 0]
[99.99999999999999, 0.0, 0.0]
[0, 0, 0]


[0, 0, 0]
[99.99999999999999, 0.0, 0.0]
[0, 0, 0]


[100.0, 0.0, 0.0]
[100.0, 0.0, 0.0]
[0, 0, 0]


[0.0, 0.0, 100.0]
[0.0, 0.0, 100.0]
[0, 0, 0]


[100.0, 0.0, 0.0]
[100.0, 0.0, 0.0]
[0, 0, 0]


[100.0, 0.0, 0.0]
[100.0, 0.0, 0.0]
[0, 0, 0]


[99.99999999999999, 0.0, 0.0]
[0, 0, 0]
[0, 0, 0]


[99.99999999999999, 0.0, 0.0]
[0, 0, 0]
[0, 0, 0]


[99.99999999999999, 0.0, 0.0]
[0, 0, 0]
[0, 0, 0]


[99.99999999999999, 0.0, 0.0]
[0, 0, 0]
[0, 0, 0]


[99.99999999999999, 0.0, 0.0]
[0, 0, 0]
[0, 0, 0]


[99.99999999999999, 0.0, 0.0]
[0, 0, 0]
[0, 0, 0]


[99.99999999999999, 0.0, 0.0]
[0, 0, 0]
[0, 0, 0]


[99.99999999999999, 0.0, 0.0]
[0, 0, 0]
[0, 0, 0]


[99.99999999999999, 0.0, 0.0]
[0, 0, 0]
[0, 0, 0]


[99.99999999999999, 0.0, 0.0]
[0, 0, 0]
[0, 0, 0]


[99.99999999999999, 0.0, 0.0]
[0, 0, 0]
[0, 0, 0]


[99.99999999999999, 0.0, 0.0]
[0, 0, 0]
[0, 0, 0]
total by number and percent
[1580, 0, 80]
[290, 0, 30]
[0, 0, 0]
[95.18072289156626, 0.0, 4.819277108433735]
[90.625, 0.0, 9.375]
[nan, nan, nan]
total accuracy
0.797979797979798
-------------------folder , length of x_test, y_test-------------------------
122 4593 4593
number by successful floor
0,0
1,0
2,0
3,1151
4,1319
5,492
6,256
7,630
8,419
9,8
10,1
11,13
12,69
13,6
14,76
15,153
16,0
17,0
18,0
each floor by number


[0, 0, 0]
[391, 0, 0]
[4202, 0, 0]


[0, 0, 0]
[240, 0, 0]
[4353, 0, 0]


[153, 0, 0]
[158, 0, 0]
[4282, 0, 0]


[0, 0, 160]
[0, 0, 302]
[0, 0, 4131]


[229, 0, 0]
[489, 0, 0]
[3875, 0, 0]


[235, 0, 0]
[919, 0, 0]
[3439, 0, 0]


[304, 0, 0]
[1792, 0, 0]
[2497, 0, 0]


[314, 0, 0]
[1817, 0, 0]
[2462, 0, 0]


[318, 0, 0]
[1627, 0, 0]
[2648, 0, 0]


[318, 0, 0]
[1519, 0, 0]
[2756, 0, 0]


[466, 0, 0]
[1756, 0, 0]
[2371, 0, 0]


[752, 0, 0]
[3025, 0, 0]
[816, 0, 0]


[1375, 0, 0]
[3218, 0, 0]
[0, 0, 0]


[1631, 0, 0]
[2962, 0, 0]
[0, 0, 0]


[2123, 0, 0]
[2470, 0, 0]
[0, 0, 0]


[3442, 0, 0]
[1151, 0, 0]
[0, 0, 0]


[4593, 0, 0]
[0, 0, 0]
[0, 0, 0]


[4593, 0, 0]
[0, 0, 0]
[0, 0, 0]
each floor by percent


[0, 0, 0]
[100.0, 0.0, 0.0]
[99.99999999999999, 0.0, 0.0]


[0, 0, 0]
[100.0, 0.0, 0.0]
[100.0, 0.0, 0.0]


[100.0, 0.0, 0.0]
[100.0, 0.0, 0.0]
[100.0, 0.0, 0.0]


[0.0, 0.0, 100.0]
[0.0, 0.0, 100.0]
[0.0, 0.0, 100.0]


[100.0, 0.0, 0.0]
[100.0, 0.0, 0.0]
[100.0, 0.0, 0.0]


[100.0, 0.0, 0.0]
[100.0, 0.0, 0.0]
[100.0, 0.0, 0.0]


[100.0, 0.0, 0.0]
[99.99999999999999, 0.0, 0.0]
[100.0, 0.0, 0.0]


[100.0, 0.0, 0.0]
[99.99999999999999, 0.0, 0.0]
[100.0, 0.0, 0.0]


[100.0, 0.0, 0.0]
[100.0, 0.0, 0.0]
[100.0, 0.0, 0.0]


[100.0, 0.0, 0.0]
[100.0, 0.0, 0.0]
[100.0, 0.0, 0.0]


[100.0, 0.0, 0.0]
[100.00000000000001, 0.0, 0.0]
[100.0, 0.0, 0.0]


[100.0, 0.0, 0.0]
[100.0, 0.0, 0.0]
[100.0, 0.0, 0.0]


[100.0, 0.0, 0.0]
[100.0, 0.0, 0.0]
[0, 0, 0]


[100.00000000000001, 0.0, 0.0]
[100.0, 0.0, 0.0]
[0, 0, 0]


[100.0, 0.0, 0.0]
[100.0, 0.0, 0.0]
[0, 0, 0]


[100.0, 0.0, 0.0]
[100.0, 0.0, 0.0]
[0, 0, 0]


[100.0, 0.0, 0.0]
[0, 0, 0]
[0, 0, 0]


[100.0, 0.0, 0.0]
[0, 0, 0]
[0, 0, 0]
total by number and percent
[20846, 0, 160]
[23534, 0, 302]
[33701, 0, 4131]
[99.23831286299152, 0.0, 0.7616871370084738]
[98.73300889410974, 0.0, 1.26699110589025]
[89.08067244660604, 0.0, 10.919327553393952]
total accuracy
0.30211432856762704
-------------------folder , length of x_test, y_test-------------------------
123 1186 1186
number by successful floor
0,0
1,0
2,0
3,546
4,411
5,21
6,31
7,11
8,25
9,4
10,1
11,4
12,4
13,6
14,22
15,100
16,0
17,0
18,0
each floor by number


[4, 0, 0]
[311, 0, 0]
[871, 0, 0]


[2, 0, 0]
[240, 0, 0]
[944, 0, 0]


[101, 0, 0]
[151, 0, 0]
[934, 0, 0]


[0, 0, 117]
[0, 0, 176]
[0, 0, 893]


[124, 0, 0]
[230, 0, 0]
[832, 0, 0]


[132, 0, 0]
[246, 0, 0]
[808, 0, 0]


[139, 0, 0]
[270, 0, 0]
[777, 0, 0]


[163, 0, 0]
[236, 0, 0]
[787, 0, 0]


[153, 0, 0]
[210, 0, 0]
[823, 0, 0]


[149, 0, 0]
[192, 0, 0]
[845, 0, 0]


[148, 0, 0]
[268, 0, 0]
[770, 0, 0]


[167, 0, 0]
[739, 0, 0]
[280, 0, 0]


[194, 0, 0]
[753, 0, 0]
[239, 0, 0]


[208, 0, 0]
[978, 0, 0]
[0, 0, 0]


[253, 0, 0]
[933, 0, 0]
[0, 0, 0]


[672, 0, 0]
[514, 0, 0]
[0, 0, 0]


[1186, 0, 0]
[0, 0, 0]
[0, 0, 0]


[1186, 0, 0]
[0, 0, 0]
[0, 0, 0]
each floor by percent


[100.0, 0.0, 0.0]
[100.0, 0.0, 0.0]
[99.99999999999999, 0.0, 0.0]


[100.0, 0.0, 0.0]
[100.0, 0.0, 0.0]
[100.0, 0.0, 0.0]


[100.0, 0.0, 0.0]
[100.0, 0.0, 0.0]
[100.0, 0.0, 0.0]


[0.0, 0.0, 100.0]
[0.0, 0.0, 100.0]
[0.0, 0.0, 100.0]


[100.0, 0.0, 0.0]
[100.00000000000001, 0.0, 0.0]
[100.0, 0.0, 0.0]


[100.0, 0.0, 0.0]
[100.0, 0.0, 0.0]
[100.0, 0.0, 0.0]


[100.0, 0.0, 0.0]
[100.0, 0.0, 0.0]
[100.0, 0.0, 0.0]


[100.0, 0.0, 0.0]
[100.0, 0.0, 0.0]
[100.0, 0.0, 0.0]


[100.0, 0.0, 0.0]
[100.0, 0.0, 0.0]
[100.0, 0.0, 0.0]


[100.0, 0.0, 0.0]
[100.0, 0.0, 0.0]
[100.00000000000001, 0.0, 0.0]


[100.0, 0.0, 0.0]
[100.0, 0.0, 0.0]
[100.0, 0.0, 0.0]


[100.0, 0.0, 0.0]
[100.0, 0.0, 0.0]
[100.0, 0.0, 0.0]


[100.0, 0.0, 0.0]
[100.0, 0.0, 0.0]
[100.0, 0.0, 0.0]


[100.0, 0.0, 0.0]
[100.0, 0.0, 0.0]
[0, 0, 0]


[100.00000000000001, 0.0, 0.0]
[100.0, 0.0, 0.0]
[0, 0, 0]


[100.0, 0.0, 0.0]
[100.0, 0.0, 0.0]
[0, 0, 0]


[100.0, 0.0, 0.0]
[0, 0, 0]
[0, 0, 0]


[100.0, 0.0, 0.0]
[0, 0, 0]
[0, 0, 0]
total by number and percent
[4981, 0, 117]
[6271, 0, 176]
[8910, 0, 893]
[97.70498234601804, 0.0, 2.2950176539819536]
[97.27004808438033, 0.0, 2.729951915619668]
[90.89054371110885, 0.0, 9.109456288891156]
total accuracy
0.27515458122540754
-------------------folder , length of x_test, y_test-------------------------
124 1237 1237
number by successful floor
0,0
1,0
2,0
3,81
4,567
5,175
6,70
7,45
8,44
9,9
10,8
11,19
12,34
13,16
14,98
15,71
16,0
17,0
18,0
each floor by number


[0, 0, 0]
[268, 0, 0]
[969, 0, 0]


[0, 0, 0]
[195, 0, 0]
[1042, 0, 0]


[71, 0, 0]
[182, 0, 0]
[984, 0, 0]


[0, 0, 124]
[0, 0, 342]
[0, 0, 771]


[178, 0, 0]
[432, 0, 0]
[627, 0, 0]


[194, 0, 0]
[451, 0, 0]
[592, 0, 0]


[233, 0, 0]
[413, 0, 0]
[591, 0, 0]


[292, 0, 0]
[400, 0, 0]
[545, 0, 0]


[245, 0, 0]
[445, 0, 0]
[547, 0, 0]


[237, 0, 0]
[421, 0, 0]
[579, 0, 0]


[261, 0, 0]
[576, 0, 0]
[400, 0, 0]


[285, 0, 0]
[942, 0, 0]
[10, 0, 0]


[361, 0, 0]
[876, 0, 0]
[0, 0, 0]


[467, 0, 0]
[770, 0, 0]
[0, 0, 0]


[650, 0, 0]
[587, 0, 0]
[0, 0, 0]


[1177, 0, 0]
[60, 0, 0]
[0, 0, 0]


[1237, 0, 0]
[0, 0, 0]
[0, 0, 0]


[1237, 0, 0]
[0, 0, 0]
[0, 0, 0]
each floor by percent


[0, 0, 0]
[100.0, 0.0, 0.0]
[100.0, 0.0, 0.0]


[0, 0, 0]
[100.0, 0.0, 0.0]
[100.0, 0.0, 0.0]


[100.0, 0.0, 0.0]
[100.0, 0.0, 0.0]
[100.0, 0.0, 0.0]


[0.0, 0.0, 100.0]
[0.0, 0.0, 100.0]
[0.0, 0.0, 100.0]


[100.0, 0.0, 0.0]
[100.0, 0.0, 0.0]
[100.0, 0.0, 0.0]


[100.0, 0.0, 0.0]
[100.0, 0.0, 0.0]
[100.0, 0.0, 0.0]


[100.0, 0.0, 0.0]
[100.0, 0.0, 0.0]
[100.0, 0.0, 0.0]


[100.0, 0.0, 0.0]
[100.0, 0.0, 0.0]
[100.0, 0.0, 0.0]


[99.99999999999999, 0.0, 0.0]
[100.0, 0.0, 0.0]
[100.0, 0.0, 0.0]


[100.0, 0.0, 0.0]
[100.0, 0.0, 0.0]
[100.0, 0.0, 0.0]


[100.0, 0.0, 0.0]
[100.0, 0.0, 0.0]
[100.0, 0.0, 0.0]


[100.0, 0.0, 0.0]
[100.0, 0.0, 0.0]
[100.0, 0.0, 0.0]


[100.0, 0.0, 0.0]
[100.0, 0.0, 0.0]
[0, 0, 0]


[100.0, 0.0, 0.0]
[100.0, 0.0, 0.0]
[0, 0, 0]


[100.0, 0.0, 0.0]
[100.0, 0.0, 0.0]
[0, 0, 0]


[100.0, 0.0, 0.0]
[100.0, 0.0, 0.0]
[0, 0, 0]


[100.0, 0.0, 0.0]
[0, 0, 0]
[0, 0, 0]


[100.0, 0.0, 0.0]
[0, 0, 0]
[0, 0, 0]
total by number and percent
[7125, 0, 124]
[7018, 0, 342]
[6886, 0, 771]
[98.28941923023865, 0.0, 1.7105807697613464]
[95.35326086956522, 0.0, 4.646739130434782]
[89.93078229071438, 0.0, 10.06921770928562]
total accuracy
0.35462139585017516
-------------------folder , length of x_test, y_test-------------------------
125 2356 2356
number by successful floor
0,0
1,0
2,243
3,1162
4,370
5,161
6,117
7,42
8,41
9,12
10,8
11,36
12,11
13,6
14,41
15,106
16,0
17,0
18,0
each floor by number


[0, 0, 0]
[402, 0, 0]
[1954, 0, 0]


[0, 0, 0]
[264, 0, 0]
[2092, 0, 0]


[106, 0, 0]
[185, 0, 0]
[2065, 0, 0]


[0, 0, 124]
[0, 0, 263]
[0, 0, 1969]


[149, 0, 0]
[335, 0, 0]
[1872, 0, 0]


[156, 0, 0]
[394, 0, 0]
[1806, 0, 0]


[172, 0, 0]
[429, 0, 0]
[1755, 0, 0]


[213, 0, 0]
[407, 0, 0]
[1736, 0, 0]


[206, 0, 0]
[355, 0, 0]
[1795, 0, 0]


[206, 0, 0]
[303, 0, 0]
[1847, 0, 0]


[238, 0, 0]
[363, 0, 0]
[1755, 0, 0]


[284, 0, 0]
[695, 0, 0]
[1377, 0, 0]


[365, 0, 0]
[815, 0, 0]
[1176, 0, 0]


[424, 0, 0]
[1824, 0, 0]
[108, 0, 0]


[630, 0, 0]
[1726, 0, 0]
[0, 0, 0]


[952, 0, 0]
[1404, 0, 0]
[0, 0, 0]


[2113, 0, 0]
[243, 0, 0]
[0, 0, 0]


[2356, 0, 0]
[0, 0, 0]
[0, 0, 0]
each floor by percent


[0, 0, 0]
[100.00000000000001, 0.0, 0.0]
[100.0, 0.0, 0.0]


[0, 0, 0]
[100.0, 0.0, 0.0]
[99.99999999999999, 0.0, 0.0]


[100.0, 0.0, 0.0]
[100.0, 0.0, 0.0]
[100.0, 0.0, 0.0]


[0.0, 0.0, 100.0]
[0.0, 0.0, 100.0]
[0.0, 0.0, 100.0]


[100.0, 0.0, 0.0]
[100.0, 0.0, 0.0]
[100.0, 0.0, 0.0]


[100.0, 0.0, 0.0]
[100.0, 0.0, 0.0]
[100.0, 0.0, 0.0]


[100.0, 0.0, 0.0]
[100.0, 0.0, 0.0]
[100.0, 0.0, 0.0]


[100.0, 0.0, 0.0]
[100.0, 0.0, 0.0]
[100.0, 0.0, 0.0]


[100.0, 0.0, 0.0]
[100.0, 0.0, 0.0]
[100.0, 0.0, 0.0]


[100.0, 0.0, 0.0]
[100.0, 0.0, 0.0]
[100.0, 0.0, 0.0]


[100.0, 0.0, 0.0]
[100.0, 0.0, 0.0]
[100.0, 0.0, 0.0]


[100.0, 0.0, 0.0]
[100.0, 0.0, 0.0]
[100.0, 0.0, 0.0]


[100.0, 0.0, 0.0]
[100.0, 0.0, 0.0]
[100.0, 0.0, 0.0]


[100.0, 0.0, 0.0]
[100.00000000000001, 0.0, 0.0]
[100.0, 0.0, 0.0]


[100.0, 0.0, 0.0]
[99.99999999999999, 0.0, 0.0]
[0, 0, 0]


[100.0, 0.0, 0.0]
[100.0, 0.0, 0.0]
[0, 0, 0]


[100.0, 0.0, 0.0]
[100.0, 0.0, 0.0]
[0, 0, 0]


[100.0, 0.0, 0.0]
[0, 0, 0]
[0, 0, 0]
total by number and percent
[8570, 0, 124]
[10144, 0, 263]
[21338, 0, 1969]
[98.57372900851162, 0.0, 1.4262709914883829]
[97.472854809263, 0.0, 2.527145190737004]
[91.5518942806882, 0.0, 8.448105719311794]
total accuracy
0.2485144312393888
-------------------folder , length of x_test, y_test-------------------------
126 2030 2030
number by successful floor
0,0
1,0
2,801
3,457
4,180
5,129
6,62
7,104
8,91
9,11
10,2
11,30
12,12
13,30
14,53
15,68
16,0
17,0
18,0
each floor by number


[0, 0, 0]
[264, 0, 0]
[1766, 0, 0]


[0, 0, 0]
[154, 0, 0]
[1876, 0, 0]


[68, 0, 0]
[130, 0, 0]
[1832, 0, 0]


[0, 0, 87]
[0, 0, 212]
[0, 0, 1731]


[136, 0, 0]
[335, 0, 0]
[1559, 0, 0]


[181, 0, 0]
[473, 0, 0]
[1376, 0, 0]


[182, 0, 0]
[605, 0, 0]
[1243, 0, 0]


[207, 0, 0]
[609, 0, 0]
[1214, 0, 0]


[193, 0, 0]
[583, 0, 0]
[1254, 0, 0]


[190, 0, 0]
[488, 0, 0]
[1352, 0, 0]


[245, 0, 0]
[465, 0, 0]
[1320, 0, 0]


[299, 0, 0]
[435, 0, 0]
[1296, 0, 0]


[386, 0, 0]
[492, 0, 0]
[1152, 0, 0]


[448, 0, 0]
[1093, 0, 0]
[489, 0, 0]


[581, 0, 0]
[1449, 0, 0]
[0, 0, 0]


[772, 0, 0]
[1258, 0, 0]
[0, 0, 0]


[1262, 0, 0]
[768, 0, 0]
[0, 0, 0]


[2030, 0, 0]
[0, 0, 0]
[0, 0, 0]
each floor by percent


[0, 0, 0]
[100.0, 0.0, 0.0]
[100.0, 0.0, 0.0]


[0, 0, 0]
[100.0, 0.0, 0.0]
[99.99999999999999, 0.0, 0.0]


[99.99999999999999, 0.0, 0.0]
[100.0, 0.0, 0.0]
[100.0, 0.0, 0.0]


[0.0, 0.0, 100.0]
[0.0, 0.0, 100.0]
[0.0, 0.0, 100.00000000000001]


[99.99999999999999, 0.0, 0.0]
[100.0, 0.0, 0.0]
[100.0, 0.0, 0.0]


[100.0, 0.0, 0.0]
[99.99999999999999, 0.0, 0.0]
[100.0, 0.0, 0.0]


[100.0, 0.0, 0.0]
[100.0, 0.0, 0.0]
[100.0, 0.0, 0.0]


[100.00000000000001, 0.0, 0.0]
[100.0, 0.0, 0.0]
[100.0, 0.0, 0.0]


[100.0, 0.0, 0.0]
[100.0, 0.0, 0.0]
[100.0, 0.0, 0.0]


[100.0, 0.0, 0.0]
[100.0, 0.0, 0.0]
[100.0, 0.0, 0.0]


[99.99999999999999, 0.0, 0.0]
[99.99999999999999, 0.0, 0.0]
[100.0, 0.0, 0.0]


[99.99999999999999, 0.0, 0.0]
[100.00000000000001, 0.0, 0.0]
[100.0, 0.0, 0.0]


[100.0, 0.0, 0.0]
[100.0, 0.0, 0.0]
[100.0, 0.0, 0.0]


[99.99999999999999, 0.0, 0.0]
[100.0, 0.0, 0.0]
[100.0, 0.0, 0.0]


[100.0, 0.0, 0.0]
[100.0, 0.0, 0.0]
[0, 0, 0]


[100.0, 0.0, 0.0]
[100.0, 0.0, 0.0]
[0, 0, 0]


[100.0, 0.0, 0.0]
[100.0, 0.0, 0.0]
[0, 0, 0]


[100.0, 0.0, 0.0]
[0, 0, 0]
[0, 0, 0]
total by number and percent
[7180, 0, 87]
[9601, 0, 212]
[17729, 0, 1731]
[98.80280721067841, 0.0, 1.1971927893215908]
[97.8396005299093, 0.0, 2.160399470090696]
[91.10483042137719, 0.0, 8.895169578622816]
total accuracy
0.2438697318007663
-------------------folder , length of x_test, y_test-------------------------
127 2594 2594
number by successful floor
0,0
1,0
2,0
3,1057
4,656
5,275
6,126
7,155
8,82
9,41
10,3
11,6
12,5
13,18
14,55
15,115
16,0
17,0
18,0
each floor by number


[0, 0, 0]
[310, 0, 0]
[2284, 0, 0]


[0, 0, 0]
[248, 0, 0]
[2346, 0, 0]


[131, 0, 0]
[133, 0, 0]
[2330, 0, 0]


[0, 0, 147]
[0, 0, 172]
[0, 0, 2275]


[180, 0, 0]
[230, 0, 0]
[2184, 0, 0]


[196, 0, 0]
[326, 0, 0]
[2072, 0, 0]


[196, 0, 0]
[449, 0, 0]
[1949, 0, 0]


[235, 0, 0]
[570, 0, 0]
[1789, 0, 0]


[194, 0, 0]
[611, 0, 0]
[1789, 0, 0]


[194, 0, 0]
[646, 0, 0]
[1754, 0, 0]


[259, 0, 0]
[865, 0, 0]
[1470, 0, 0]


[345, 0, 0]
[1229, 0, 0]
[1020, 0, 0]


[489, 0, 0]
[1523, 0, 0]
[582, 0, 0]


[610, 0, 0]
[1984, 0, 0]
[0, 0, 0]


[892, 0, 0]
[1702, 0, 0]
[0, 0, 0]


[1537, 0, 0]
[1057, 0, 0]
[0, 0, 0]


[2594, 0, 0]
[0, 0, 0]
[0, 0, 0]


[2594, 0, 0]
[0, 0, 0]
[0, 0, 0]
each floor by percent


[0, 0, 0]
[100.0, 0.0, 0.0]
[100.0, 0.0, 0.0]


[0, 0, 0]
[100.0, 0.0, 0.0]
[100.0, 0.0, 0.0]


[100.0, 0.0, 0.0]
[100.0, 0.0, 0.0]
[100.0, 0.0, 0.0]


[0.0, 0.0, 100.0]
[0.0, 0.0, 100.0]
[0.0, 0.0, 100.0]


[100.0, 0.0, 0.0]
[100.00000000000001, 0.0, 0.0]
[100.0, 0.0, 0.0]


[100.0, 0.0, 0.0]
[100.0, 0.0, 0.0]
[100.0, 0.0, 0.0]


[100.0, 0.0, 0.0]
[100.0, 0.0, 0.0]
[100.00000000000001, 0.0, 0.0]


[100.0, 0.0, 0.0]
[100.0, 0.0, 0.0]
[100.0, 0.0, 0.0]


[100.0, 0.0, 0.0]
[100.0, 0.0, 0.0]
[100.0, 0.0, 0.0]


[100.0, 0.0, 0.0]
[100.0, 0.0, 0.0]
[100.0, 0.0, 0.0]


[100.0, 0.0, 0.0]
[100.0, 0.0, 0.0]
[100.0, 0.0, 0.0]


[100.0, 0.0, 0.0]
[100.0, 0.0, 0.0]
[100.0, 0.0, 0.0]


[100.0, 0.0, 0.0]
[100.0, 0.0, 0.0]
[100.0, 0.0, 0.0]


[100.0, 0.0, 0.0]
[100.0, 0.0, 0.0]
[0, 0, 0]


[100.0, 0.0, 0.0]
[100.0, 0.0, 0.0]
[0, 0, 0]


[100.0, 0.0, 0.0]
[100.0, 0.0, 0.0]
[0, 0, 0]


[100.0, 0.0, 0.0]
[0, 0, 0]
[0, 0, 0]


[100.0, 0.0, 0.0]
[0, 0, 0]
[0, 0, 0]
total by number and percent
[10646, 0, 147]
[11883, 0, 172]
[21569, 0, 2275]
[98.63800611507459, 0.0, 1.3619938849254145]
[98.57320613853173, 0.0, 1.4267938614682705]
[90.45881563496057, 0.0, 9.541184365039422]
total accuracy
0.2767283474685171
-------------------folder , length of x_test, y_test-------------------------
128 1416 1416
number by successful floor
0,0
1,0
2,505
3,412
4,168
5,118
6,42
7,48
8,19
9,2
10,3
11,8
12,4
13,7
14,34
15,46
16,0
17,0
18,0
each floor by number


[4, 0, 0]
[192, 0, 0]
[1220, 0, 0]


[4, 0, 0]
[107, 0, 0]
[1305, 0, 0]


[51, 0, 0]
[85, 0, 0]
[1280, 0, 0]


[0, 0, 72]
[0, 0, 119]
[0, 0, 1225]


[87, 0, 0]
[155, 0, 0]
[1174, 0, 0]


[92, 0, 0]
[206, 0, 0]
[1118, 0, 0]


[98, 0, 0]
[246, 0, 0]
[1072, 0, 0]


[106, 0, 0]
[208, 0, 0]
[1102, 0, 0]


[99, 0, 0]
[213, 0, 0]
[1104, 0, 0]


[97, 0, 0]
[197, 0, 0]
[1122, 0, 0]


[113, 0, 0]
[290, 0, 0]
[1013, 0, 0]


[137, 0, 0]
[416, 0, 0]
[863, 0, 0]


[175, 0, 0]
[401, 0, 0]
[840, 0, 0]


[211, 0, 0]
[767, 0, 0]
[438, 0, 0]


[334, 0, 0]
[1082, 0, 0]
[0, 0, 0]


[524, 0, 0]
[892, 0, 0]
[0, 0, 0]


[916, 0, 0]
[500, 0, 0]
[0, 0, 0]


[1416, 0, 0]
[0, 0, 0]
[0, 0, 0]
each floor by percent


[100.0, 0.0, 0.0]
[100.0, 0.0, 0.0]
[100.0, 0.0, 0.0]


[100.0, 0.0, 0.0]
[100.0, 0.0, 0.0]
[100.0, 0.0, 0.0]


[100.0, 0.0, 0.0]
[100.0, 0.0, 0.0]
[100.0, 0.0, 0.0]


[0.0, 0.0, 100.0]
[0.0, 0.0, 100.0]
[0.0, 0.0, 100.0]


[100.0, 0.0, 0.0]
[100.0, 0.0, 0.0]
[100.0, 0.0, 0.0]


[100.0, 0.0, 0.0]
[100.0, 0.0, 0.0]
[100.0, 0.0, 0.0]


[100.0, 0.0, 0.0]
[100.0, 0.0, 0.0]
[100.0, 0.0, 0.0]


[100.0, 0.0, 0.0]
[100.0, 0.0, 0.0]
[100.0, 0.0, 0.0]


[100.0, 0.0, 0.0]
[100.0, 0.0, 0.0]
[100.00000000000001, 0.0, 0.0]


[100.0, 0.0, 0.0]
[100.0, 0.0, 0.0]
[100.0, 0.0, 0.0]


[100.00000000000001, 0.0, 0.0]
[100.0, 0.0, 0.0]
[99.99999999999999, 0.0, 0.0]


[99.99999999999999, 0.0, 0.0]
[100.0, 0.0, 0.0]
[99.99999999999999, 0.0, 0.0]


[100.0, 0.0, 0.0]
[100.0, 0.0, 0.0]
[100.0, 0.0, 0.0]


[100.0, 0.0, 0.0]
[100.0, 0.0, 0.0]
[100.0, 0.0, 0.0]


[100.0, 0.0, 0.0]
[100.0, 0.0, 0.0]
[0, 0, 0]


[100.0, 0.0, 0.0]
[100.0, 0.0, 0.0]
[0, 0, 0]


[100.0, 0.0, 0.0]
[100.0, 0.0, 0.0]
[0, 0, 0]


[100.0, 0.0, 0.0]
[0, 0, 0]
[0, 0, 0]
total by number and percent
[4464, 0, 72]
[5957, 0, 119]
[13651, 0, 1225]
[98.41269841269842, 0.0, 1.5873015873015872]
[98.04147465437788, 0.0, 1.9585253456221199]
[91.7652594783544, 0.0, 8.234740521645604]
total accuracy
0.22320307595731326
-------------------folder , length of x_test, y_test-------------------------
129 1389 1389
number by successful floor
0,0
1,0
2,0
3,798
4,381
5,28
6,0
7,1
8,2
9,21
10,21
11,24
12,36
13,32
14,1
15,44
16,0
17,0
18,0
each floor by number


[2, 0, 0]
[415, 0, 0]
[972, 0, 0]


[0, 0, 0]
[320, 0, 0]
[1069, 0, 0]


[130, 0, 0]
[117, 0, 0]
[1142, 0, 0]


[0, 0, 131]
[0, 0, 143]
[0, 0, 1115]


[156, 0, 0]
[184, 0, 0]
[1049, 0, 0]


[145, 0, 0]
[311, 0, 0]
[933, 0, 0]


[168, 0, 0]
[494, 0, 0]
[727, 0, 0]


[179, 0, 0]
[483, 0, 0]
[727, 0, 0]


[91, 0, 0]
[396, 0, 0]
[902, 0, 0]


[91, 0, 0]
[176, 0, 0]
[1122, 0, 0]


[91, 0, 0]
[242, 0, 0]
[1056, 0, 0]


[113, 0, 0]
[368, 0, 0]
[908, 0, 0]


[137, 0, 0]
[505, 0, 0]
[747, 0, 0]


[161, 0, 0]
[1101, 0, 0]
[127, 0, 0]


[255, 0, 0]
[1134, 0, 0]
[0, 0, 0]


[654, 0, 0]
[735, 0, 0]
[0, 0, 0]


[1389, 0, 0]
[0, 0, 0]
[0, 0, 0]


[1389, 0, 0]
[0, 0, 0]
[0, 0, 0]
each floor by percent


[100.0, 0.0, 0.0]
[99.99999999999999, 0.0, 0.0]
[100.0, 0.0, 0.0]


[0, 0, 0]
[100.0, 0.0, 0.0]
[100.0, 0.0, 0.0]


[100.0, 0.0, 0.0]
[100.0, 0.0, 0.0]
[100.0, 0.0, 0.0]


[0.0, 0.0, 100.0]
[0.0, 0.0, 100.0]
[0.0, 0.0, 100.0]


[100.0, 0.0, 0.0]
[100.0, 0.0, 0.0]
[100.0, 0.0, 0.0]


[100.0, 0.0, 0.0]
[100.0, 0.0, 0.0]
[100.0, 0.0, 0.0]


[100.0, 0.0, 0.0]
[99.99999999999999, 0.0, 0.0]
[100.0, 0.0, 0.0]


[100.0, 0.0, 0.0]
[100.0, 0.0, 0.0]
[100.0, 0.0, 0.0]


[100.0, 0.0, 0.0]
[100.0, 0.0, 0.0]
[100.0, 0.0, 0.0]


[100.0, 0.0, 0.0]
[100.0, 0.0, 0.0]
[100.0, 0.0, 0.0]


[100.0, 0.0, 0.0]
[100.0, 0.0, 0.0]
[100.0, 0.0, 0.0]


[100.00000000000001, 0.0, 0.0]
[100.0, 0.0, 0.0]
[100.0, 0.0, 0.0]


[99.99999999999999, 0.0, 0.0]
[100.0, 0.0, 0.0]
[100.0, 0.0, 0.0]


[100.0, 0.0, 0.0]
[100.0, 0.0, 0.0]
[100.0, 0.0, 0.0]


[100.0, 0.0, 0.0]
[100.0, 0.0, 0.0]
[0, 0, 0]


[100.0, 0.0, 0.0]
[100.0, 0.0, 0.0]
[0, 0, 0]


[100.0, 0.0, 0.0]
[0, 0, 0]
[0, 0, 0]


[100.0, 0.0, 0.0]
[0, 0, 0]
[0, 0, 0]
total by number and percent
[5151, 0, 131]
[6981, 0, 143]
[11481, 0, 1115]
[97.51987883377508, 0.0, 2.4801211662249147]
[97.99270072992701, 0.0, 2.0072992700729926]
[91.14798348682122, 0.0, 8.852016513178787]
total accuracy
0.2506199504039677
-------------------folder , length of x_test, y_test-------------------------
130 76 76
number by successful floor
0,0
1,0
2,0
3,0
4,0
5,0
6,0
7,0
8,0
9,0
10,0
11,0
12,0
13,0
14,24
15,52
16,0
17,0
18,0
each floor by number


[0, 0, 0]
[76, 0, 0]
[0, 0, 0]


[0, 0, 0]
[76, 0, 0]
[0, 0, 0]


[52, 0, 0]
[24, 0, 0]
[0, 0, 0]


[0, 0, 76]
[0, 0, 0]
[0, 0, 0]


[76, 0, 0]
[0, 0, 0]
[0, 0, 0]


[76, 0, 0]
[0, 0, 0]
[0, 0, 0]


[76, 0, 0]
[0, 0, 0]
[0, 0, 0]


[76, 0, 0]
[0, 0, 0]
[0, 0, 0]


[76, 0, 0]
[0, 0, 0]
[0, 0, 0]


[76, 0, 0]
[0, 0, 0]
[0, 0, 0]


[76, 0, 0]
[0, 0, 0]
[0, 0, 0]


[76, 0, 0]
[0, 0, 0]
[0, 0, 0]


[76, 0, 0]
[0, 0, 0]
[0, 0, 0]


[76, 0, 0]
[0, 0, 0]
[0, 0, 0]


[76, 0, 0]
[0, 0, 0]
[0, 0, 0]


[76, 0, 0]
[0, 0, 0]
[0, 0, 0]


[76, 0, 0]
[0, 0, 0]
[0, 0, 0]


[76, 0, 0]
[0, 0, 0]
[0, 0, 0]
each floor by percent


[0, 0, 0]
[100.0, 0.0, 0.0]
[0, 0, 0]


[0, 0, 0]
[100.0, 0.0, 0.0]
[0, 0, 0]


[100.0, 0.0, 0.0]
[100.0, 0.0, 0.0]
[0, 0, 0]


[0.0, 0.0, 100.0]
[0, 0, 0]
[0, 0, 0]


[100.0, 0.0, 0.0]
[0, 0, 0]
[0, 0, 0]


[100.0, 0.0, 0.0]
[0, 0, 0]
[0, 0, 0]


[100.0, 0.0, 0.0]
[0, 0, 0]
[0, 0, 0]


[100.0, 0.0, 0.0]
[0, 0, 0]
[0, 0, 0]


[100.0, 0.0, 0.0]
[0, 0, 0]
[0, 0, 0]


[100.0, 0.0, 0.0]
[0, 0, 0]
[0, 0, 0]


[100.0, 0.0, 0.0]
[0, 0, 0]
[0, 0, 0]


[100.0, 0.0, 0.0]
[0, 0, 0]
[0, 0, 0]


[100.0, 0.0, 0.0]
[0, 0, 0]
[0, 0, 0]


[100.0, 0.0, 0.0]
[0, 0, 0]
[0, 0, 0]


[100.0, 0.0, 0.0]
[0, 0, 0]
[0, 0, 0]


[100.0, 0.0, 0.0]
[0, 0, 0]
[0, 0, 0]


[100.0, 0.0, 0.0]
[0, 0, 0]
[0, 0, 0]


[100.0, 0.0, 0.0]
[0, 0, 0]
[0, 0, 0]
total by number and percent
[1116, 0, 76]
[176, 0, 0]
[0, 0, 0]
[93.6241610738255, 0.0, 6.375838926174497]
[100.0, 0.0, 0.0]
[nan, nan, nan]
total accuracy
0.8157894736842105
-------------------folder , length of x_test, y_test-------------------------
131 0 0
number by successful floor
0,0
1,0
2,0
3,0
4,0
5,0
6,0
7,0
8,0
9,0
10,0
11,0
12,0
13,0
14,0
15,0
16,0
17,0
18,0
each floor by number


[0, 0, 0]
[0, 0, 0]
[0, 0, 0]


[0, 0, 0]
[0, 0, 0]
[0, 0, 0]


[0, 0, 0]
[0, 0, 0]
[0, 0, 0]


[0, 0, 0]
[0, 0, 0]
[0, 0, 0]


[0, 0, 0]
[0, 0, 0]
[0, 0, 0]


[0, 0, 0]
[0, 0, 0]
[0, 0, 0]


[0, 0, 0]
[0, 0, 0]
[0, 0, 0]


[0, 0, 0]
[0, 0, 0]
[0, 0, 0]


[0, 0, 0]
[0, 0, 0]
[0, 0, 0]


[0, 0, 0]
[0, 0, 0]
[0, 0, 0]


[0, 0, 0]
[0, 0, 0]
[0, 0, 0]


[0, 0, 0]
[0, 0, 0]
[0, 0, 0]


[0, 0, 0]
[0, 0, 0]
[0, 0, 0]


[0, 0, 0]
[0, 0, 0]
[0, 0, 0]


[0, 0, 0]
[0, 0, 0]
[0, 0, 0]


[0, 0, 0]
[0, 0, 0]
[0, 0, 0]


[0, 0, 0]
[0, 0, 0]
[0, 0, 0]


[0, 0, 0]
[0, 0, 0]
[0, 0, 0]
each floor by percent


[0, 0, 0]
[0, 0, 0]
[0, 0, 0]


[0, 0, 0]
[0, 0, 0]
[0, 0, 0]


[0, 0, 0]
[0, 0, 0]
[0, 0, 0]


[0, 0, 0]
[0, 0, 0]
[0, 0, 0]


[0, 0, 0]
[0, 0, 0]
[0, 0, 0]


[0, 0, 0]
[0, 0, 0]
[0, 0, 0]


[0, 0, 0]
[0, 0, 0]
[0, 0, 0]


[0, 0, 0]
[0, 0, 0]
[0, 0, 0]


[0, 0, 0]
[0, 0, 0]
[0, 0, 0]


[0, 0, 0]
[0, 0, 0]
[0, 0, 0]


[0, 0, 0]
[0, 0, 0]
[0, 0, 0]


[0, 0, 0]
[0, 0, 0]
[0, 0, 0]


[0, 0, 0]
[0, 0, 0]
[0, 0, 0]


[0, 0, 0]
[0, 0, 0]
[0, 0, 0]


[0, 0, 0]
[0, 0, 0]
[0, 0, 0]


[0, 0, 0]
[0, 0, 0]
[0, 0, 0]


[0, 0, 0]
[0, 0, 0]
[0, 0, 0]


[0, 0, 0]
[0, 0, 0]
[0, 0, 0]
total by number and percent
[0, 0, 0]
[0, 0, 0]
[0, 0, 0]
[nan, nan, nan]
[nan, nan, nan]
[nan, nan, nan]
total accuracy
nan
-------------------folder , length of x_test, y_test-------------------------
132 2378 2378
number by successful floor
0,0
1,0
2,0
3,378
4,686
5,632
6,168
7,112
8,117
9,0
10,51
11,5
12,0
13,52
14,9
15,168
16,0
17,0
18,0
each floor by number


[0, 0, 0]
[305, 0, 0]
[2073, 0, 0]


[0, 0, 0]
[234, 0, 0]
[2144, 0, 0]


[168, 0, 0]
[122, 0, 0]
[2088, 0, 0]


[0, 0, 168]
[0, 0, 122]
[0, 0, 2088]


[177, 0, 0]
[225, 0, 0]
[1976, 0, 0]


[229, 0, 0]
[387, 0, 0]
[1762, 0, 0]


[229, 0, 0]
[703, 0, 0]
[1446, 0, 0]


[234, 0, 0]
[861, 0, 0]
[1283, 0, 0]


[285, 0, 0]
[810, 0, 0]
[1283, 0, 0]


[285, 0, 0]
[810, 0, 0]
[1283, 0, 0]


[290, 0, 0]
[1248, 0, 0]
[840, 0, 0]


[402, 0, 0]
[1770, 0, 0]
[206, 0, 0]


[514, 0, 0]
[1864, 0, 0]
[0, 0, 0]


[682, 0, 0]
[1696, 0, 0]
[0, 0, 0]


[1314, 0, 0]
[1064, 0, 0]
[0, 0, 0]


[2000, 0, 0]
[378, 0, 0]
[0, 0, 0]


[2378, 0, 0]
[0, 0, 0]
[0, 0, 0]


[2378, 0, 0]
[0, 0, 0]
[0, 0, 0]
each floor by percent


[0, 0, 0]
[100.0, 0.0, 0.0]
[100.0, 0.0, 0.0]


[0, 0, 0]
[100.0, 0.0, 0.0]
[100.0, 0.0, 0.0]


[100.0, 0.0, 0.0]
[100.0, 0.0, 0.0]
[100.0, 0.0, 0.0]


[0.0, 0.0, 100.0]
[0.0, 0.0, 100.0]
[0.0, 0.0, 100.0]


[100.0, 0.0, 0.0]
[100.0, 0.0, 0.0]
[99.99999999999999, 0.0, 0.0]


[100.0, 0.0, 0.0]
[100.0, 0.0, 0.0]
[100.0, 0.0, 0.0]


[100.0, 0.0, 0.0]
[100.0, 0.0, 0.0]
[100.0, 0.0, 0.0]


[100.0, 0.0, 0.0]
[100.0, 0.0, 0.0]
[100.0, 0.0, 0.0]


[100.0, 0.0, 0.0]
[100.0, 0.0, 0.0]
[100.0, 0.0, 0.0]


[100.0, 0.0, 0.0]
[100.0, 0.0, 0.0]
[100.0, 0.0, 0.0]


[100.0, 0.0, 0.0]
[100.0, 0.0, 0.0]
[100.0, 0.0, 0.0]


[100.00000000000001, 0.0, 0.0]
[100.0, 0.0, 0.0]
[100.0, 0.0, 0.0]


[100.0, 0.0, 0.0]
[100.0, 0.0, 0.0]
[0, 0, 0]


[100.0, 0.0, 0.0]
[100.0, 0.0, 0.0]
[0, 0, 0]


[100.0, 0.0, 0.0]
[100.0, 0.0, 0.0]
[0, 0, 0]


[100.0, 0.0, 0.0]
[100.0, 0.0, 0.0]
[0, 0, 0]


[100.0, 0.0, 0.0]
[0, 0, 0]
[0, 0, 0]


[100.0, 0.0, 0.0]
[0, 0, 0]
[0, 0, 0]
total by number and percent
[11565, 0, 168]
[12477, 0, 122]
[16384, 0, 2088]
[98.5681411403733, 0.0, 1.431858859626694]
[99.03166918009366, 0.0, 0.9683308199063417]
[88.69640537029017, 0.0, 11.303594629709831]
total accuracy
0.31896551724137934
-------------------folder , length of x_test, y_test-------------------------
133 861 861
number by successful floor
0,0
1,0
2,0
3,0
4,152
5,176
6,80
7,93
8,145
9,54
10,14
11,29
12,13
13,21
14,35
15,49
16,0
17,0
18,0
each floor by number


[0, 0, 0]
[161, 0, 0]
[700, 0, 0]


[0, 0, 0]
[107, 0, 0]
[754, 0, 0]


[49, 0, 0]
[75, 0, 0]
[737, 0, 0]


[0, 0, 68]
[0, 0, 104]
[0, 0, 689]


[84, 0, 0]
[164, 0, 0]
[613, 0, 0]


[92, 0, 0]
[289, 0, 0]
[480, 0, 0]


[118, 0, 0]
[471, 0, 0]
[272, 0, 0]


[144, 0, 0]
[533, 0, 0]
[184, 0, 0]


[160, 0, 0]
[517, 0, 0]
[184, 0, 0]


[161, 0, 0]
[580, 0, 0]
[120, 0, 0]


[243, 0, 0]
[618, 0, 0]
[0, 0, 0]


[360, 0, 0]
[501, 0, 0]
[0, 0, 0]


[453, 0, 0]
[408, 0, 0]
[0, 0, 0]


[533, 0, 0]
[328, 0, 0]
[0, 0, 0]


[709, 0, 0]
[152, 0, 0]
[0, 0, 0]


[861, 0, 0]
[0, 0, 0]
[0, 0, 0]


[861, 0, 0]
[0, 0, 0]
[0, 0, 0]


[861, 0, 0]
[0, 0, 0]
[0, 0, 0]
each floor by percent


[0, 0, 0]
[100.0, 0.0, 0.0]
[100.0, 0.0, 0.0]


[0, 0, 0]
[100.0, 0.0, 0.0]
[100.0, 0.0, 0.0]


[100.0, 0.0, 0.0]
[100.0, 0.0, 0.0]
[100.0, 0.0, 0.0]


[0.0, 0.0, 99.99999999999999]
[0.0, 0.0, 100.0]
[0.0, 0.0, 100.0]


[100.0, 0.0, 0.0]
[100.0, 0.0, 0.0]
[100.0, 0.0, 0.0]


[100.0, 0.0, 0.0]
[100.0, 0.0, 0.0]
[100.0, 0.0, 0.0]


[100.0, 0.0, 0.0]
[100.0, 0.0, 0.0]
[99.99999999999999, 0.0, 0.0]


[100.0, 0.0, 0.0]
[100.0, 0.0, 0.0]
[100.0, 0.0, 0.0]


[100.0, 0.0, 0.0]
[100.0, 0.0, 0.0]
[100.0, 0.0, 0.0]


[100.0, 0.0, 0.0]
[100.0, 0.0, 0.0]
[100.0, 0.0, 0.0]


[100.0, 0.0, 0.0]
[100.0, 0.0, 0.0]
[0, 0, 0]


[100.0, 0.0, 0.0]
[100.0, 0.0, 0.0]
[0, 0, 0]


[100.0, 0.0, 0.0]
[100.0, 0.0, 0.0]
[0, 0, 0]


[100.0, 0.0, 0.0]
[100.0, 0.0, 0.0]
[0, 0, 0]


[100.0, 0.0, 0.0]
[100.0, 0.0, 0.0]
[0, 0, 0]


[100.0, 0.0, 0.0]
[0, 0, 0]
[0, 0, 0]


[100.0, 0.0, 0.0]
[0, 0, 0]
[0, 0, 0]


[100.0, 0.0, 0.0]
[0, 0, 0]
[0, 0, 0]
total by number and percent
[5689, 0, 68]
[4904, 0, 104]
[4044, 0, 689]
[98.81882925134619, 0.0, 1.1811707486538128]
[97.92332268370608, 0.0, 2.07667731629393]
[85.44263680540884, 0.0, 14.557363194591169]
total accuracy
0.41153697251258226
-------------------folder , length of x_test, y_test-------------------------
134 5654 5654
number by successful floor
0,0
1,0
2,455
3,2116
4,1055
5,1040
6,296
7,244
8,129
9,1
10,0
11,4
12,68
13,15
14,12
15,219
16,0
17,0
18,0
each floor by number


[0, 0, 0]
[694, 0, 0]
[4960, 0, 0]


[0, 0, 0]
[414, 0, 0]
[5240, 0, 0]


[228, 0, 0]
[183, 0, 0]
[5243, 0, 0]


[0, 0, 227]
[0, 0, 309]
[0, 0, 5118]


[235, 0, 0]
[485, 0, 0]
[4934, 0, 0]


[242, 0, 0]
[742, 0, 0]
[4670, 0, 0]


[313, 0, 0]
[1060, 0, 0]
[4281, 0, 0]


[318, 0, 0]
[1183, 0, 0]
[4153, 0, 0]


[314, 0, 0]
[1187, 0, 0]
[4153, 0, 0]


[314, 0, 0]
[1253, 0, 0]
[4087, 0, 0]


[437, 0, 0]
[1795, 0, 0]
[3422, 0, 0]


[510, 0, 0]
[2513, 0, 0]
[2631, 0, 0]


[722, 0, 0]
[3177, 0, 0]
[1755, 0, 0]


[996, 0, 0]
[4658, 0, 0]
[0, 0, 0]


[2028, 0, 0]
[3626, 0, 0]
[0, 0, 0]


[3083, 0, 0]
[2571, 0, 0]
[0, 0, 0]


[5199, 0, 0]
[455, 0, 0]
[0, 0, 0]


[5654, 0, 0]
[0, 0, 0]
[0, 0, 0]
each floor by percent


[0, 0, 0]
[100.0, 0.0, 0.0]
[100.0, 0.0, 0.0]


[0, 0, 0]
[100.00000000000001, 0.0, 0.0]
[100.0, 0.0, 0.0]


[100.00000000000001, 0.0, 0.0]
[100.0, 0.0, 0.0]
[100.0, 0.0, 0.0]


[0.0, 0.0, 100.0]
[0.0, 0.0, 100.0]
[0.0, 0.0, 100.0]


[100.0, 0.0, 0.0]
[100.00000000000001, 0.0, 0.0]
[100.0, 0.0, 0.0]


[100.0, 0.0, 0.0]
[100.0, 0.0, 0.0]
[100.0, 0.0, 0.0]


[100.0, 0.0, 0.0]
[100.0, 0.0, 0.0]
[100.0, 0.0, 0.0]


[100.0, 0.0, 0.0]
[100.0, 0.0, 0.0]
[100.0, 0.0, 0.0]


[100.0, 0.0, 0.0]
[100.0, 0.0, 0.0]
[100.0, 0.0, 0.0]


[100.0, 0.0, 0.0]
[100.0, 0.0, 0.0]
[100.0, 0.0, 0.0]


[100.0, 0.0, 0.0]
[100.0, 0.0, 0.0]
[100.0, 0.0, 0.0]


[100.0, 0.0, 0.0]
[100.0, 0.0, 0.0]
[100.0, 0.0, 0.0]


[100.0, 0.0, 0.0]
[100.0, 0.0, 0.0]
[100.0, 0.0, 0.0]


[99.99999999999999, 0.0, 0.0]
[100.0, 0.0, 0.0]
[0, 0, 0]


[100.0, 0.0, 0.0]
[100.0, 0.0, 0.0]
[0, 0, 0]


[100.0, 0.0, 0.0]
[100.0, 0.0, 0.0]
[0, 0, 0]


[100.0, 0.0, 0.0]
[100.0, 0.0, 0.0]
[0, 0, 0]


[100.0, 0.0, 0.0]
[0, 0, 0]
[0, 0, 0]
total by number and percent
[20593, 0, 227]
[25996, 0, 309]
[49529, 0, 5118]
[98.90970220941402, 0.0, 1.090297790585975]
[98.82531838053602, 0.0, 1.1746816194639802]
[90.63443555913408, 0.0, 9.36556444086592]
total accuracy
0.2526333372636875
-------------------folder , length of x_test, y_test-------------------------
135 0 0
number by successful floor
0,0
1,0
2,0
3,0
4,0
5,0
6,0
7,0
8,0
9,0
10,0
11,0
12,0
13,0
14,0
15,0
16,0
17,0
18,0
each floor by number


[0, 0, 0]
[0, 0, 0]
[0, 0, 0]


[0, 0, 0]
[0, 0, 0]
[0, 0, 0]


[0, 0, 0]
[0, 0, 0]
[0, 0, 0]


[0, 0, 0]
[0, 0, 0]
[0, 0, 0]


[0, 0, 0]
[0, 0, 0]
[0, 0, 0]


[0, 0, 0]
[0, 0, 0]
[0, 0, 0]


[0, 0, 0]
[0, 0, 0]
[0, 0, 0]


[0, 0, 0]
[0, 0, 0]
[0, 0, 0]


[0, 0, 0]
[0, 0, 0]
[0, 0, 0]


[0, 0, 0]
[0, 0, 0]
[0, 0, 0]


[0, 0, 0]
[0, 0, 0]
[0, 0, 0]


[0, 0, 0]
[0, 0, 0]
[0, 0, 0]


[0, 0, 0]
[0, 0, 0]
[0, 0, 0]


[0, 0, 0]
[0, 0, 0]
[0, 0, 0]


[0, 0, 0]
[0, 0, 0]
[0, 0, 0]


[0, 0, 0]
[0, 0, 0]
[0, 0, 0]


[0, 0, 0]
[0, 0, 0]
[0, 0, 0]


[0, 0, 0]
[0, 0, 0]
[0, 0, 0]
each floor by percent


[0, 0, 0]
[0, 0, 0]
[0, 0, 0]


[0, 0, 0]
[0, 0, 0]
[0, 0, 0]


[0, 0, 0]
[0, 0, 0]
[0, 0, 0]


[0, 0, 0]
[0, 0, 0]
[0, 0, 0]


[0, 0, 0]
[0, 0, 0]
[0, 0, 0]


[0, 0, 0]
[0, 0, 0]
[0, 0, 0]


[0, 0, 0]
[0, 0, 0]
[0, 0, 0]


[0, 0, 0]
[0, 0, 0]
[0, 0, 0]


[0, 0, 0]
[0, 0, 0]
[0, 0, 0]


[0, 0, 0]
[0, 0, 0]
[0, 0, 0]


[0, 0, 0]
[0, 0, 0]
[0, 0, 0]


[0, 0, 0]
[0, 0, 0]
[0, 0, 0]


[0, 0, 0]
[0, 0, 0]
[0, 0, 0]


[0, 0, 0]
[0, 0, 0]
[0, 0, 0]


[0, 0, 0]
[0, 0, 0]
[0, 0, 0]


[0, 0, 0]
[0, 0, 0]
[0, 0, 0]


[0, 0, 0]
[0, 0, 0]
[0, 0, 0]


[0, 0, 0]
[0, 0, 0]
[0, 0, 0]
total by number and percent
[0, 0, 0]
[0, 0, 0]
[0, 0, 0]
[nan, nan, nan]
[nan, nan, nan]
[nan, nan, nan]
total accuracy
nan
-------------------folder , length of x_test, y_test-------------------------
136 748 748
number by successful floor
0,0
1,0
2,0
3,24
4,51
5,19
6,48
7,41
8,44
9,22
10,33
11,42
12,43
13,98
14,159
15,124
16,0
17,0
18,0
each floor by number


[0, 0, 0]
[252, 0, 0]
[496, 0, 0]


[0, 0, 0]
[276, 0, 0]
[472, 0, 0]


[124, 0, 0]
[245, 0, 0]
[379, 0, 0]


[0, 0, 195]
[0, 0, 377]
[0, 0, 176]


[285, 0, 0]
[463, 0, 0]
[0, 0, 0]


[391, 0, 0]
[357, 0, 0]
[0, 0, 0]


[473, 0, 0]
[275, 0, 0]
[0, 0, 0]


[510, 0, 0]
[238, 0, 0]
[0, 0, 0]


[515, 0, 0]
[233, 0, 0]
[0, 0, 0]


[515, 0, 0]
[233, 0, 0]
[0, 0, 0]


[637, 0, 0]
[111, 0, 0]
[0, 0, 0]


[718, 0, 0]
[30, 0, 0]
[0, 0, 0]


[612, 0, 0]
[136, 0, 0]
[0, 0, 0]


[530, 0, 0]
[218, 0, 0]
[0, 0, 0]


[530, 0, 0]
[218, 0, 0]
[0, 0, 0]


[652, 0, 0]
[96, 0, 0]
[0, 0, 0]


[748, 0, 0]
[0, 0, 0]
[0, 0, 0]


[748, 0, 0]
[0, 0, 0]
[0, 0, 0]
each floor by percent


[0, 0, 0]
[100.0, 0.0, 0.0]
[100.0, 0.0, 0.0]


[0, 0, 0]
[100.00000000000001, 0.0, 0.0]
[100.0, 0.0, 0.0]


[100.0, 0.0, 0.0]
[99.99999999999999, 0.0, 0.0]
[100.0, 0.0, 0.0]


[0.0, 0.0, 100.0]
[0.0, 0.0, 100.0]
[0.0, 0.0, 100.0]


[100.0, 0.0, 0.0]
[100.0, 0.0, 0.0]
[0, 0, 0]


[100.0, 0.0, 0.0]
[100.0, 0.0, 0.0]
[0, 0, 0]


[99.99999999999999, 0.0, 0.0]
[100.0, 0.0, 0.0]
[0, 0, 0]


[100.0, 0.0, 0.0]
[100.0, 0.0, 0.0]
[0, 0, 0]


[100.0, 0.0, 0.0]
[100.0, 0.0, 0.0]
[0, 0, 0]


[100.0, 0.0, 0.0]
[100.0, 0.0, 0.0]
[0, 0, 0]


[100.0, 0.0, 0.0]
[99.99999999999999, 0.0, 0.0]
[0, 0, 0]


[100.0, 0.0, 0.0]
[100.0, 0.0, 0.0]
[0, 0, 0]


[100.0, 0.0, 0.0]
[99.99999999999999, 0.0, 0.0]
[0, 0, 0]


[100.0, 0.0, 0.0]
[99.99999999999999, 0.0, 0.0]
[0, 0, 0]


[100.0, 0.0, 0.0]
[99.99999999999999, 0.0, 0.0]
[0, 0, 0]


[100.0, 0.0, 0.0]
[100.0, 0.0, 0.0]
[0, 0, 0]


[100.0, 0.0, 0.0]
[0, 0, 0]
[0, 0, 0]


[100.0, 0.0, 0.0]
[0, 0, 0]
[0, 0, 0]
total by number and percent
[7988, 0, 195]
[3381, 0, 377]
[1347, 0, 176]
[97.61701087620678, 0.0, 2.3829891237932297]
[89.96806812134113, 0.0, 10.031931878658861]
[88.44386080105056, 0.0, 11.556139198949442]
total accuracy
0.6063576945929887
-------------------folder , length of x_test, y_test-------------------------
137 2331 2331
number by successful floor
0,0
1,0
2,0
3,730
4,554
5,241
6,133
7,171
8,104
9,17
10,14
11,42
12,35
13,68
14,126
15,96
16,0
17,0
18,0
each floor by number


[0, 0, 0]
[383, 0, 0]
[1948, 0, 0]


[0, 0, 0]
[257, 0, 0]
[2074, 0, 0]


[96, 0, 0]
[193, 0, 0]
[2042, 0, 0]


[0, 0, 156]
[0, 0, 232]
[0, 0, 1943]


[207, 0, 0]
[489, 0, 0]
[1635, 0, 0]


[278, 0, 0]
[528, 0, 0]
[1525, 0, 0]


[333, 0, 0]
[514, 0, 0]
[1484, 0, 0]


[366, 0, 0]
[527, 0, 0]
[1438, 0, 0]


[381, 0, 0]
[512, 0, 0]
[1438, 0, 0]


[363, 0, 0]
[577, 0, 0]
[1391, 0, 0]


[428, 0, 0]
[781, 0, 0]
[1122, 0, 0]


[513, 0, 0]
[1023, 0, 0]
[795, 0, 0]


[675, 0, 0]
[1426, 0, 0]
[230, 0, 0]


[808, 0, 0]
[1523, 0, 0]
[0, 0, 0]


[1047, 0, 0]
[1284, 0, 0]
[0, 0, 0]


[1601, 0, 0]
[730, 0, 0]
[0, 0, 0]


[2331, 0, 0]
[0, 0, 0]
[0, 0, 0]


[2331, 0, 0]
[0, 0, 0]
[0, 0, 0]
each floor by percent


[0, 0, 0]
[100.0, 0.0, 0.0]
[100.0, 0.0, 0.0]


[0, 0, 0]
[100.0, 0.0, 0.0]
[100.00000000000001, 0.0, 0.0]


[100.0, 0.0, 0.0]
[100.0, 0.0, 0.0]
[99.99999999999999, 0.0, 0.0]


[0.0, 0.0, 100.0]
[0.0, 0.0, 100.0]
[0.0, 0.0, 100.0]


[100.00000000000001, 0.0, 0.0]
[100.0, 0.0, 0.0]
[99.99999999999999, 0.0, 0.0]


[100.0, 0.0, 0.0]
[100.0, 0.0, 0.0]
[100.0, 0.0, 0.0]


[100.0, 0.0, 0.0]
[100.0, 0.0, 0.0]
[100.0, 0.0, 0.0]


[100.0, 0.0, 0.0]
[100.00000000000001, 0.0, 0.0]
[100.0, 0.0, 0.0]


[100.0, 0.0, 0.0]
[100.0, 0.0, 0.0]
[100.0, 0.0, 0.0]


[100.0, 0.0, 0.0]
[100.00000000000001, 0.0, 0.0]
[100.0, 0.0, 0.0]


[100.0, 0.0, 0.0]
[100.0, 0.0, 0.0]
[100.0, 0.0, 0.0]


[100.0, 0.0, 0.0]
[100.0, 0.0, 0.0]
[100.0, 0.0, 0.0]


[100.0, 0.0, 0.0]
[100.0, 0.0, 0.0]
[100.00000000000001, 0.0, 0.0]


[100.0, 0.0, 0.0]
[100.0, 0.0, 0.0]
[0, 0, 0]


[100.0, 0.0, 0.0]
[100.0, 0.0, 0.0]
[0, 0, 0]


[99.99999999999999, 0.0, 0.0]
[100.0, 0.0, 0.0]
[0, 0, 0]


[100.0, 0.0, 0.0]
[0, 0, 0]
[0, 0, 0]


[100.0, 0.0, 0.0]
[0, 0, 0]
[0, 0, 0]
total by number and percent
[11758, 0, 156]
[10747, 0, 232]
[17122, 0, 1943]
[98.69061608192042, 0.0, 1.3093839180795703]
[97.88687494307314, 0.0, 2.1131250569268603]
[89.80854969840021, 0.0, 10.19145030159979]
total accuracy
0.32654082654082656
-------------------folder , length of x_test, y_test-------------------------
138 2010 2010
number by successful floor
0,0
1,0
2,0
3,0
4,349
5,693
6,187
7,181
8,225
9,10
10,8
11,57
12,23
13,9
14,71
15,197
16,0
17,0
18,0
each floor by number


[0, 0, 0]
[395, 0, 0]
[1615, 0, 0]


[0, 0, 0]
[273, 0, 0]
[1737, 0, 0]


[197, 0, 0]
[136, 0, 0]
[1677, 0, 0]


[0, 0, 210]
[0, 0, 252]
[0, 0, 1548]


[268, 0, 0]
[379, 0, 0]
[1363, 0, 0]


[277, 0, 0]
[601, 0, 0]
[1132, 0, 0]


[293, 0, 0]
[775, 0, 0]
[942, 0, 0]


[369, 0, 0]
[824, 0, 0]
[817, 0, 0]


[357, 0, 0]
[841, 0, 0]
[812, 0, 0]


[357, 0, 0]
[1058, 0, 0]
[595, 0, 0]


[481, 0, 0]
[1382, 0, 0]
[147, 0, 0]


[602, 0, 0]
[1408, 0, 0]
[0, 0, 0]


[781, 0, 0]
[1229, 0, 0]
[0, 0, 0]


[968, 0, 0]
[1042, 0, 0]
[0, 0, 0]


[1661, 0, 0]
[349, 0, 0]
[0, 0, 0]


[2010, 0, 0]
[0, 0, 0]
[0, 0, 0]


[2010, 0, 0]
[0, 0, 0]
[0, 0, 0]


[2010, 0, 0]
[0, 0, 0]
[0, 0, 0]
each floor by percent


[0, 0, 0]
[100.0, 0.0, 0.0]
[100.00000000000001, 0.0, 0.0]


[0, 0, 0]
[100.0, 0.0, 0.0]
[100.0, 0.0, 0.0]


[100.0, 0.0, 0.0]
[99.99999999999999, 0.0, 0.0]
[100.0, 0.0, 0.0]


[0.0, 0.0, 100.0]
[0.0, 0.0, 100.0]
[0.0, 0.0, 100.0]


[100.0, 0.0, 0.0]
[100.0, 0.0, 0.0]
[100.0, 0.0, 0.0]


[100.0, 0.0, 0.0]
[100.0, 0.0, 0.0]
[100.0, 0.0, 0.0]


[100.0, 0.0, 0.0]
[100.0, 0.0, 0.0]
[100.0, 0.0, 0.0]


[100.0, 0.0, 0.0]
[100.0, 0.0, 0.0]
[100.0, 0.0, 0.0]


[100.0, 0.0, 0.0]
[100.0, 0.0, 0.0]
[100.00000000000001, 0.0, 0.0]


[100.0, 0.0, 0.0]
[100.0, 0.0, 0.0]
[100.0, 0.0, 0.0]


[100.00000000000001, 0.0, 0.0]
[100.0, 0.0, 0.0]
[100.0, 0.0, 0.0]


[100.0, 0.0, 0.0]
[100.0, 0.0, 0.0]
[0, 0, 0]


[100.0, 0.0, 0.0]
[100.0, 0.0, 0.0]
[0, 0, 0]


[100.0, 0.0, 0.0]
[100.0, 0.0, 0.0]
[0, 0, 0]


[100.0, 0.0, 0.0]
[100.0, 0.0, 0.0]
[0, 0, 0]


[100.0, 0.0, 0.0]
[0, 0, 0]
[0, 0, 0]


[100.0, 0.0, 0.0]
[0, 0, 0]
[0, 0, 0]


[100.0, 0.0, 0.0]
[0, 0, 0]
[0, 0, 0]
total by number and percent
[12641, 0, 210]
[10692, 0, 252]
[10837, 0, 1548]
[98.36588592327445, 0.0, 1.6341140767255466]
[97.69736842105263, 0.0, 2.3026315789473686]
[87.50100928542592, 0.0, 12.49899071457408]
total accuracy
0.3921779988944168
-------------------folder , length of x_test, y_test-------------------------
139 1404 1404
number by successful floor
0,0
1,135
2,276
3,502
4,204
5,43
6,24
7,6
8,16
9,12
10,18
11,6
12,12
13,49
14,39
15,62
16,0
17,0
18,0
each floor by number


[2, 0, 0]
[210, 0, 0]
[1192, 0, 0]


[2, 0, 0]
[139, 0, 0]
[1263, 0, 0]


[66, 0, 0]
[113, 0, 0]
[1225, 0, 0]


[0, 0, 93]
[0, 0, 371]
[0, 0, 940]


[148, 0, 0]
[388, 0, 0]
[868, 0, 0]


[245, 0, 0]
[407, 0, 0]
[752, 0, 0]


[263, 0, 0]
[353, 0, 0]
[788, 0, 0]


[204, 0, 0]
[347, 0, 0]
[853, 0, 0]


[152, 0, 0]
[359, 0, 0]
[893, 0, 0]


[148, 0, 0]
[229, 0, 0]
[1027, 0, 0]


[160, 0, 0]
[244, 0, 0]
[1000, 0, 0]


[177, 0, 0]
[301, 0, 0]
[926, 0, 0]


[197, 0, 0]
[486, 0, 0]
[721, 0, 0]


[232, 0, 0]
[758, 0, 0]
[414, 0, 0]


[324, 0, 0]
[1050, 0, 0]
[30, 0, 0]


[627, 0, 0]
[777, 0, 0]
[0, 0, 0]


[993, 0, 0]
[411, 0, 0]
[0, 0, 0]


[1269, 0, 0]
[135, 0, 0]
[0, 0, 0]
each floor by percent


[100.0, 0.0, 0.0]
[100.0, 0.0, 0.0]
[100.0, 0.0, 0.0]


[100.0, 0.0, 0.0]
[100.0, 0.0, 0.0]
[100.0, 0.0, 0.0]


[100.0, 0.0, 0.0]
[100.00000000000001, 0.0, 0.0]
[100.0, 0.0, 0.0]


[0.0, 0.0, 100.0]
[0.0, 0.0, 100.0]
[0.0, 0.0, 100.0]


[100.0, 0.0, 0.0]
[100.0, 0.0, 0.0]
[100.0, 0.0, 0.0]


[99.99999999999999, 0.0, 0.0]
[100.0, 0.0, 0.0]
[100.0, 0.0, 0.0]


[100.0, 0.0, 0.0]
[100.0, 0.0, 0.0]
[100.0, 0.0, 0.0]


[100.0, 0.0, 0.0]
[100.0, 0.0, 0.0]
[100.00000000000001, 0.0, 0.0]


[100.0, 0.0, 0.0]
[100.0, 0.0, 0.0]
[100.0, 0.0, 0.0]


[100.0, 0.0, 0.0]
[100.0, 0.0, 0.0]
[100.0, 0.0, 0.0]


[100.0, 0.0, 0.0]
[100.0, 0.0, 0.0]
[100.0, 0.0, 0.0]


[100.0, 0.0, 0.0]
[100.0, 0.0, 0.0]
[100.0, 0.0, 0.0]


[100.0, 0.0, 0.0]
[100.0, 0.0, 0.0]
[100.0, 0.0, 0.0]


[100.0, 0.0, 0.0]
[100.0, 0.0, 0.0]
[100.00000000000001, 0.0, 0.0]


[100.0, 0.0, 0.0]
[100.0, 0.0, 0.0]
[100.0, 0.0, 0.0]


[100.0, 0.0, 0.0]
[100.0, 0.0, 0.0]
[0, 0, 0]


[100.0, 0.0, 0.0]
[99.99999999999999, 0.0, 0.0]
[0, 0, 0]


[100.0, 0.0, 0.0]
[100.0, 0.0, 0.0]
[0, 0, 0]
total by number and percent
[5209, 0, 93]
[6707, 0, 371]
[11952, 0, 940]
[98.24594492644285, 0.0, 1.7540550735571483]
[94.7584063294716, 0.0, 5.241593670528398]
[92.70865653118213, 0.0, 7.291343468817872]
total accuracy
0.24331275720164608
-------------------folder , length of x_test, y_test-------------------------
140 1275 1275
number by successful floor
0,0
1,82
2,769
3,147
4,50
5,9
6,43
7,48
8,22
9,30
10,0
11,30
12,8
13,9
14,24
15,4
16,0
17,0
18,0
each floor by number


[60, 0, 0]
[491, 0, 0]
[724, 0, 0]


[60, 0, 0]
[358, 0, 0]
[857, 0, 0]


[105, 0, 0]
[317, 0, 0]
[853, 0, 0]


[0, 0, 192]
[0, 0, 283]
[0, 0, 800]


[288, 0, 0]
[260, 0, 0]
[727, 0, 0]


[262, 0, 0]
[514, 0, 0]
[499, 0, 0]


[243, 0, 0]
[526, 0, 0]
[506, 0, 0]


[175, 0, 0]
[506, 0, 0]
[594, 0, 0]


[61, 0, 0]
[444, 0, 0]
[770, 0, 0]


[12, 0, 0]
[251, 0, 0]
[1012, 0, 0]


[6, 0, 0]
[191, 0, 0]
[1078, 0, 0]


[3, 0, 0]
[216, 0, 0]
[1056, 0, 0]


[23, 0, 0]
[262, 0, 0]
[990, 0, 0]


[45, 0, 0]
[438, 0, 0]
[792, 0, 0]


[121, 0, 0]
[869, 0, 0]
[285, 0, 0]


[263, 0, 0]
[1012, 0, 0]
[0, 0, 0]


[483, 0, 0]
[792, 0, 0]
[0, 0, 0]


[1275, 0, 0]
[0, 0, 0]
[0, 0, 0]
each floor by percent


[100.0, 0.0, 0.0]
[100.0, 0.0, 0.0]
[100.0, 0.0, 0.0]


[100.0, 0.0, 0.0]
[100.0, 0.0, 0.0]
[100.0, 0.0, 0.0]


[100.0, 0.0, 0.0]
[100.0, 0.0, 0.0]
[100.00000000000001, 0.0, 0.0]


[0.0, 0.0, 100.0]
[0.0, 0.0, 100.0]
[0.0, 0.0, 100.0]


[100.0, 0.0, 0.0]
[100.0, 0.0, 0.0]
[100.0, 0.0, 0.0]


[100.0, 0.0, 0.0]
[100.0, 0.0, 0.0]
[100.0, 0.0, 0.0]


[100.0, 0.0, 0.0]
[100.0, 0.0, 0.0]
[100.00000000000001, 0.0, 0.0]


[100.0, 0.0, 0.0]
[100.00000000000001, 0.0, 0.0]
[100.0, 0.0, 0.0]


[100.0, 0.0, 0.0]
[99.99999999999999, 0.0, 0.0]
[100.0, 0.0, 0.0]


[100.0, 0.0, 0.0]
[100.00000000000001, 0.0, 0.0]
[100.00000000000001, 0.0, 0.0]


[100.0, 0.0, 0.0]
[100.0, 0.0, 0.0]
[100.0, 0.0, 0.0]


[100.0, 0.0, 0.0]
[100.0, 0.0, 0.0]
[100.0, 0.0, 0.0]


[100.0, 0.0, 0.0]
[100.0, 0.0, 0.0]
[100.0, 0.0, 0.0]


[100.0, 0.0, 0.0]
[100.0, 0.0, 0.0]
[100.0, 0.0, 0.0]


[100.0, 0.0, 0.0]
[100.0, 0.0, 0.0]
[100.0, 0.0, 0.0]


[100.0, 0.0, 0.0]
[100.00000000000001, 0.0, 0.0]
[0, 0, 0]


[100.0, 0.0, 0.0]
[100.0, 0.0, 0.0]
[0, 0, 0]


[100.0, 0.0, 0.0]
[0, 0, 0]
[0, 0, 0]
total by number and percent
[3485, 0, 192]
[7447, 0, 283]
[10743, 0, 800]
[94.7783519173239, 0.0, 5.2216480826760945]
[96.33893919793015, 0.0, 3.6610608020698576]
[93.06939270553582, 0.0, 6.930607294464178]
total accuracy
0.18671023965141612
big_dic and big_dic_detailed
{0: 0, 1: 217, 2: 3049, 3: 9561, 4: 7153, 5: 4252, 6: 1683, 7: 1932, 8: 1525, 9: 254, 10: 185, 11: 355, 12: 387, 13: 452, 14: 899, 15: 1744, 16: 0, 17: 0, 18: 0}
{0: {0: [72, 0, 0], 1: [5630, 0, 0], 2: [27946, 0, 0], 3: [0, 0, 0], 4: [0, 0, 0]}, 1: {0: [68, 0, 0], 1: [4012, 0, 0], 2: [29568, 0, 0], 3: [0, 0, 0], 4: [0, 0, 0]}, 2: {0: [1966, 0, 0], 1: [2589, 0, 0], 2: [29093, 0, 0], 3: [0, 0, 0], 4: [0, 0, 0]}, 3: {0: [0, 0, 2427], 1: [0, 0, 3809], 2: [0, 0, 27412], 3: [0, 0, 0], 4: [0, 0, 0]}, 4: {0: [3097, 0, 0], 1: [5263, 0, 0], 2: [25288, 0, 0], 3: [0, 0, 0], 4: [0, 0, 0]}, 5: {0: [3523, 0, 0], 1: [7161, 0, 0], 2: [22964, 0, 0], 3: [0, 0, 0], 4: [0, 0, 0]}, 6: {0: [3943, 0, 0], 1: [9375, 0, 0], 2: [20330, 0, 0], 3: [0, 0, 0], 4: [0, 0, 0]}, 7: {0: [4215, 0, 0], 1: [9749, 0, 0], 2: [19684, 0, 0], 3: [0, 0, 0], 4: [0, 0, 0]}, 8: {0: [3910, 0, 0], 1: [9343, 0, 0], 2: [20395, 0, 0], 3: [0, 0, 0], 4: [0, 0, 0]}, 9: {0: [3823, 0, 0], 1: [8933, 0, 0], 2: [20892, 0, 0], 3: [0, 0, 0], 4: [0, 0, 0]}, 10: {0: [4689, 0, 0], 1: [11195, 0, 0], 2: [17764, 0, 0], 3: [0, 0, 0], 4: [0, 0, 0]}, 11: {0: [5853, 0, 0], 1: [15611, 0, 0], 2: [12184, 0, 0], 3: [0, 0, 0], 4: [0, 0, 0]}, 12: {0: [7645, 0, 0], 1: [17571, 0, 0], 2: [8432, 0, 0], 3: [0, 0, 0], 4: [0, 0, 0]}, 13: {0: [9140, 0, 0], 1: [22140, 0, 0], 2: [2368, 0, 0], 3: [0, 0, 0], 4: [0, 0, 0]}, 14: {0: [13638, 0, 0], 1: [19695, 0, 0], 2: [315, 0, 0], 3: [0, 0, 0], 4: [0, 0, 0]}, 15: {0: [21013, 0, 0], 1: [12635, 0, 0], 2: [0, 0, 0], 3: [0, 0, 0], 4: [0, 0, 0]}, 16: {0: [30479, 0, 0], 1: [3169, 0, 0], 2: [0, 0, 0], 3: [0, 0, 0], 4: [0, 0, 0]}, 17: {0: [33513, 0, 0], 1: [135, 0, 0], 2: [0, 0, 0], 3: [0, 0, 0], 4: [0, 0, 0]}}
